Category	Term	Count	X.	PValue	Genes	List.Total	Pop.Hits	Pop.Total	Fold.Enrichment	Bonferroni	Benjamini	FDR	Description
BP	GO:0099537	3	0.808625336927224	0.0322288897320358	574696, 755668, 105439410	33	10	1094	9.94545454545455	0.999855915773069	0.999855915773069	34.9964978458112	trans-synaptic signaling
BP	GO:0098916	3	0.808625336927224	0.0322288897320358	574696, 755668, 105439410	33	10	1094	9.94545454545455	0.999855915773069	0.999855915773069	34.9964978458112	anterograde trans-synaptic signaling
BP	GO:0099536	3	0.808625336927224	0.0322288897320358	574696, 755668, 105439410	33	10	1094	9.94545454545455	0.999855915773069	0.999855915773069	34.9964978458112	synaptic signaling
BP	GO:0007268	3	0.808625336927224	0.0322288897320358	574696, 755668, 105439410	33	10	1094	9.94545454545455	0.999855915773069	0.999855915773069	34.9964978458112	chemical synaptic transmission
BP	GO:0007186	4	1.07816711590297	0.0412780318233904	100889243, 755668, 100889710, 105439410	33	27	1094	4.91133557800224	0.99998859689015	0.996623150899063	42.549653837565	G-protein coupled receptor signaling pathway
BP	GO:0007154	10	2.69541778975741	0.0559680655919656	574696, 100889243, 755668, 105447490, 582219, 100889710, 105439410, 100892166, 100891263, 591159	33	175	1094	1.89437229437229	0.999999823637947	0.994392081223202	53.1055696141315	cell communication
BP	GO:0044699	23	6.19946091644205	0.0570370815883976	100889243, 586329, 589852, 579530, 105447490, 100889710, 757121, 2652716, 586844, 580173, 591159, 574696, 755668, 589643, 582219, 105439410, 576910, 100892166, 100891263, 586173, 593904, 755450, 753734	33	586	1094	1.30116868342124	0.999999870118902	0.981016054072677	53.7989929508403	single-organism process
BP	GO:0007155	3	0.808625336927224	0.0606026101621422	105440441, 576823, 591159	33	14	1094	7.1038961038961	0.999999953299206	0.965812696019738	56.0438902301636	cell adhesion
BP	GO:0022610	3	0.808625336927224	0.0686720521016922	105440441, 576823, 591159	33	15	1094	6.63030303030303	0.999999995453139	0.959297732101081	60.7574779958681	biological adhesion
