100889257
105436405
105443933
753235
582554
585147
373267
100889350
580504
578352
588660
592716
548621
578820
587683
590178
590744
579532
583122
575215
589120
577198
593806
577790
581500
105446729
588093
100893969
586348
373225
762415
756222
588531
575162
580325
575320
100893425
578626
100889259
575027
587314
592242
589852
594544
589195
756131
593520
583455
583201
574589
100891263
581885
582860
577868
763995
592267
587575
585300
579831
763830
584481
105447071
585700
581781
105440441
580845
594798
592339
105440890
592912
593232
586748
583391
105438224
588722
575334
752335
577673
593484
581201
584105
105439544
105446129
762564
585237
593098
577721
578762
584062
578596
576037
588942
105444109
581601
100892795
592324
754196
100891280
583933
100891258
575632
105441784
763904
591929
593651
577151
579361
574069
575365
373196
580363
580300
577005
577892
756509
591964
587717
590987
594353
100888995
105442316
585921
755161
762428
583086
574601
586832
100888815
590586
581729
582391
373317
575755
588670
581958
584611
100888048
756823
579407
586283
578075
764523
763365
763128
586917
105437691
574071
584796
754241
373503
373300
582487
576762
592971
578128
594743
592585
580173
586683
580742
581649
576107
578804
752031
576217
373192
581211
580431
580656
586173
587631
580962
587706
589684
764870
580674
586525
587461
577656
585590
577145
105436437
585301
574964
586844
585152
752628
585553
574553
105438529
577314
755636
577044
574636
763759
100892446
579599
579017
581926
587846
762563
100888929
576786
100893477
752505
582309
753216
591483
583790
583418
577986
578211
579520
585584
590510
373519
577623
100889207
578688
576727
105439633
582219
579553
584206
584825
585976
590007
580652
591618
100894061
105439791
100889141
593797
577618
588081
105443896
100891683
585092
757077
587368
581154
590476
591777
575347
583617
575477
100893855
105447117
587705
373488
587822
593904
753043
585338
579530
589984
592091
588149
580385
577336
592367
589393
583558
754102
577167
100888159
764971
764065
591474
577442
753734
580251
581580
105446646
765087
756492
100889803
575326
373207
100889710
590481
587132
105447104
100888271
100890537
763180
582138
592320
584483
585934
577928
752190
591791
583484
548618
579797
590220
592372
588696
105446239
586103
100892225
100889589
100890099
575622
754700
100890912
100892936
585643
583337
593605
580670
582626
577855
105447534
583318
589304
752151
592201
579256
764176
581526
581904
578403
100893577
586326
100892522
581063
100888594
577806
577730
592232
579892
590942
586329
584839
574714
755730
583103
588505
591586
763611
592177
576432
576301
576835
590006
100891131
578830
589943
100893287
100890503
763067
582075
588858
762640
754160
582540
579858
587736
588156
575094
763212
581523
580562
587759
584491
577634
753141
579081
105439468
100889322
593255
591599
100892960
585657
580257
575643
585570
581573
589576
584585
105438270
585246
588644
578224
578177
373431
590183
580359
583024
578838
578090
100889988
105439809
763307
752469
100888814
764696
582957
576712
591943
579751
105447591
590125
574998
577879
579345
581800
752328
105437474
593876
580220
590638
582523
578934
588558
583098
753400
576551
752925
105438942
594236
753057
579742
100892519
762897
588142
579019
577887
587958
373215
762935
589810
757329
576448
100892807
373434
580078
100893380
577523
105443132
764377
584171
578811
588166
589486
100888279
575684
755215
762594
756858
577675
586685
100892419
105444549
100892015
100894042
591121
584369
373360
583947
575148
589835
576248
755783
589286
590859
100893202
578121
580263
577954
589187
588740
105445542
591872
590216
578367
582163
582206
754757
588795
577393
593528
105437792
594281
576414
756649
753842
588440
584784
580088
589881
582688
574650
105442064
581576
100888499
581478
583460
583818
575596
580380
100892817
579451
577797
755131
756337
578876
578850
577916
588510
590194
105438301
592667
585458
581433
575234
575378
100892539
574897
587883
579591
576070
588319
584806
105442508
105447520
575697
582713
575168
583396
762504
754809
575159
581706
579700
584680
105439811
576685
100891272
754600
100888496
576726
373469
583514
575735
576276
590623
100890169
578433
756927
580822
580629
582126
581409
576760
100891108
583809
100887954
752435
586597
580195
576400
583958
581239
753862
584690
574894
586271
105439410
100890894
582211
105441620
586019
585276
576349
577207
574685
576297
576535
100892898
576672
763022
763484
589785
100889278
579195
576016
100893786
100888568
580528
576927
100888552
583510
590093
592713
751833
578921
584943
578597
580307
594397
590636
100888517
105439599
764741
105446187
591809
575822
763395
581104
586372
578034
586880
584281
594252
580466
575976
373275
763716
582810
575289
581078
588503
105439311
100893723
763369
594286
587908
373211
763690
582612
752213
590968
576818
590598
591232
579899
594769
105442029
100889057
584962
753939
593008
577666
754252
590740
100888787
592650
582981
373195
576365
580339
590169
588945
589927
581030
577815
586345
765114
756550
593546
585387
587199
584954
100890372
764122
579910
584940
593812
583713
592477
764194
583129
578045
584071
575946
579073
100891656
105438075
752342
579107
585021
752472
580770
577738
764790
580087
100891929
593642
582592
578936
592743
575953
592771
751843
585683
588766
575336
756021
100889149
578723
373316
592801
585810
580881
575056
105438010
574687
575874
100889549
100893259
592693
588806
575690
373506
591341
587198
100894124
584191
763805
575173
591734
100887836
589571
575771
100891979
105436740
578410
576797
583598
586110
576910
756005
575084
584177
575884
105438509
100890076
582316
100892611
577524
100890002
580332
588700
575136
577317
576462
105442318
577301
592281
587932
582205
373401
583468
591208
586672
583853
578989
574833
586588
100892218
584151
591159
588015
575203
580910
579085
754815
591189
591899
580958
105446839
594043
579673
586297
100891492
548617
578138
585375
575773
757154
594617
105441928
587761
100887849
579783
757335
578731
105446150
589939
588897
584503
584505
587044
581222
578081
589475
100893009
754729
579607
576006
588294
583726
584778
585298
577852
105445128
587506
587099
577533
752305
589115
100891603
589408
594039
755393
578348
589505
100889912
593174
579490
105439767
582878
100892729
575115
585635
105446084
100894146
581086
590105
584365
594584
592407
762881
584340
100888051
105439713
752277
587430
584276
105437473
580610
753867
578812
100888941
105441899
579964
579994
591682
100891641
592626
100893060
591551
105445687
575952
582454
578584
754694
581503
580074
105445437
576450
575611
575508
583191
579111
100893148
578226
754298
578310
100887851
100888210
764662
581552
588151
592965
755970
593755
588376
100893539
574743
764541
753159
582195
581215
100888010
592058
577222
762518
581876
105444660
581088
576369
579123
575126
593500
100888531
589317
575472
579071
756348
100888702
582221
100889375
577326
105439906
588358
105444211
100888081
588470
592578
577322
105439359
581716
590127
586502
578764
582050
580849
586176
580019
100893510
587294
592738
586151
591326
588931
100889791
593691
575816
590116
765117
591397
589273
581093
100890753
576292
590530
763443
580148
590159
755731
579958
581718
583353
591170
578823
576205
579677
764803
589022
575617
585346
756959
763248
578071
581395
100892559
100889318
763433
592021
576403
580689
592755
105443655
100892619
579126
583988
575433
577982
592785
580864
755486
579037
581375
579378
100890259
763264
585535
588091
586966
589955
586370
100892542
584887
585832
577017
580746
587839
579218
591582
575921
575876
577642
584179
580229
105443281
576175
588613
579026
584236
575766
579838
575917
100891160
591146
576280
752988
763960
588157
594681
587687
575549
593425
582445
576671
580676
752545
100889787
588252
590393
577841
577610
584993
579629
590073
105439764
584406
753743
100893866
574574
105441547
582945
592972
583203
582064
580155
762418
756946
752337
373512
100891514
594063
100889933
582365
754783
576641
578253
580646
577249
105445519
576570
592924
100888049
100893874
580695
100890057
100888170
100894091
100888362
591350
593861
100890951
755206
579421
584017
576962
585244
100890056
593850
577884
580902
755959
585398
764382
590827
581274
582354
100892692
579414
100888625
594128
580943
582347
581019
373178
100888563
588493
579469
548620
593690
100888302
576306
763457
100889031
594315
579562
373354
591003
587143
578593
100892325
588618
577129
765072
105439471
579020
590067
588680
762872
582287
590057
588014
584498
575893
591939
753393
592269
589739
105441319
105438988
580662
100890629
100891163
575726
100890390
576823
591865
100893059
578544
414330
591988
100889292
105440455
577803
590852
578920
579087
585407
100889942
592207
578158
579291
577020
579986
587203
577425
581160
583499
574880
574771
578949
588169
591606
588782
584138
753783
583181
591510
105438114
584538
582836
100892662
591499
579740
100889069
576668
762953
373373
100893279
753658
584441
100890751
578227
105446350
105439342
100888841
583639
752724
373206
577484
582919
576519
590671
574859
579243
582808
589832
574895
574958
592851
575178
576441
583805
578461
580854
580206
580223
589856
757121
373397
763050
591574
753190
577473
575790
100891692
588988
577505
100893442
100889513
585056
765169
578782
578606
592222
588928
586038
100890356
580191
580638
583862
581986
594737
577038
100893147
762595
105441791
593348
585010
577472
764361
585107
584285
574927
587072
592260
581267
585768
753256
580475
105443009
105447344
578873
589928
582047
583776
577654
586513
584165
579394
373385
581938
589420
576686
590249
581260
584530
593044
584215
594443
763203
580426
577698
576658
752034
100892166
100888455
105444168
592988
100893726
583252
100889243
100891464
576032
580904
594372
576200
579886
589275
581963
585593
575751
100892961
576654
584921
576939
581449
593656
581850
105442408
578453
592910
105445730
105446114
576440
588414
587597
588536
575144
100888294
581234
579274
582822
578794
105442888
574974
100892046
754460
577570
578414
105447413
100890349
579678
575174
754306
589363
580214
575098
100889553
582883
578543
575808
105436396
587163
578061
100891267
373313
580010
754209
548625
583163
580957
586858
592205
100889345
589177
582042
574645
591506
105444446
588913
593964
578680
580666
589178
586825
575762
579912
587391
582210
581340
576159
584360
753040
585216
577952
583754
575114
584529
762446
586872
576137
594091
100890670
2652725
100888448
593265
755635
574850
586023
586963
588708
577011
582320
100892061
579262
755967
762575
100891765
100891690
100888641
592399
578451
590672
751845
587709
753062
582361
583286
588547
579300
105437042
577959
763537
373282
587439
581391
762470
578636
100889046
577787
575030
589888
576920
100888199
373219
579033
592016
576325
594807
105438467
592952
576983
589166
584795
576118
105447398
581305
580458
585718
578525
579269
580876
587864
575063
100889068
578380
577053
579386
591324
587370
575132
100892394
100894010
752540
592142
577120
105437220
105446915
752189
100891869
574679
577722
586862
100893633
577847
105436412
581285
581452
764466
592720
105436868
581438
100890816
584364
752414
593222
105436844
589578
583375
764852
575804
584228
587726
591178
576513
593175
583925
592902
753935
754955
589021
754986
577158
577200
579931
591601
580100
591421
105447056
588026
100888055
579857
587978
100888952
577040
580991
755668
591874
582489
581727
575299
588553
582546
105445964
584905
100889419
105436431
582334
593478
590056
100889464
590604
574602
589392
100892245
588428
100892941
587350
579130
586115
588264
588382
592564
100892221
762678
575431
588885
581656
105441448
574844
100891858
579773
593799
579888
755326
589961
100894029
574857
590938
586571
577676
105441330
586381
574929
756679
763308
753829
577116
763582
580027
583995
581038
584542
574853
754825
586686
100888223
105440456
575779
762549
582542
577933
581074
575875
105438703
100893690
105440487
580493
586051
582052
764069
105440467
100889352
586884
585698
582967
753231
585580
593565
577105
100891868
100893196
582046
583563
752244
585744
105439885
590497
100889820
580680
586304
100893276
100893314
100890539
583069
105443035
588082
592591
576005
100891675
753889
594061
574551
100893698
753533
576425
752732
582674
576872
576126
755573
590445
575737
583114
581691
577148
591843
586545
578672
587619
585872
577428
581650
762801
100888047
100890799
594205
105445436
579426
100892964
100892475
587749
584461
593988
754208
580370
578625
579645
588721
105437011
373234
591054
100889012
574696
579187
585797
100892797
583405
105445682
592889
579060
105440826
100889625
583976
588257
100892638
579050
589719
105447554
580248
590444
577732
581033
582498
580070
581517
585909
587445
594283
592162
752720
100893187
755067
584649
589816
581823
587941
581896
575452
753607
589717
757282
755450
582973
763557
580357
593769
589347
590843
593778
584221
580779
584425
100888374
594379
754239
105443028
588224
100893850
764369
577851
590385
581221
100889698
584422
576170
576147
592601
592500
100889242
752471
575177
577312
590069
105436421
373348
378944
105436586
582440
587933
586582
755122
587798
587670
577957
575736
581596
105437031
583717
100893063
752555
765151
581540
100891032
582146
587789
591780
592958
588966
105447490
100890135
587946
755293
585357
587668
100892466
590617
752057
580358
757133
580224
593532
579365
105438324
100890294
591807
105437843
105439788
100891729
576757
582130
753616
100888258
592483
578520
581408
589434
587536
588178
580081
100888336
576204
578834
586986
591380
578816
105443181
100890592
100888805
583121
105445300
585330
586229
579510
373269
100889940
762939
100889670
586451
580713
589457
575504
577102
578397
581224
588683
100893290
100889783
593121
587493
100894147
590531
579722
754030
752115
105440270
100888683
100890634
578168
105440006
588981
578637
576864
581228
594826
581035
593582
582960
581443
586736
578814
100889245
100891888
576086
100892097
100892423
581875
100890448
594785
576079
100893456
588415
105442616
594323
765015
105442819
581495
588497
592674
592472
763845
587821
105446299
590728
582398
579332
581456
100887871
754582
578055
586769
578518
594100
100890653
752094
100892362
100888457
584901
100891879
100890421
586237
578317
588533
577545
575190
576484
763820
583524
105437805
593614
579307
582142
579534
579410
100891623
578540
100889894
588585
100892057
105444691
585029
591524
581196
588529
581583
755589
589848
583058
100888750
578951
581020
583865
105436985
105443509
100891460
579971
100891587
105445103
577951
105436750
583067
105441035
579102
574740
592411
753367
575939
548616
582155
581052
580433
583530
580322
583423
585689
587779
584812
580439
100888501
100893139
754546
583676
105441563
582011
586422
591808
763758
580512
100890123
575143
593867
582718
589643
579559
593931
2652716
