100889257
548621
581885
593520
763759
582860
105446129
574589
763365
589120
578626
582206
105436405
585237
580504
588531
577656
583122
105441784
574553
580088
586173
591964
585092
583455
590178
105436437
578352
592716
100892685
105447117
593806
588942
579532
588345
582064
577892
580672
100893633
574685
584483
590744
588885
105447071
753235
581580
591474
578804
592320
585921
588740
593098
583617
588795
105444109
581500
755131
589195
584796
578762
586038
589571
577986
581078
585147
577855
579256
575643
587575
576671
574857
576107
584611
593605
577151
592971
100893477
575320
577534
579899
593232
578596
582540
579726
577790
754196
576276
579700
100889322
762415
577393
593797
589852
754815
580845
574069
373360
583086
581409
576400
763995
105443896
575946
586880
577336
591121
575215
583947
586685
575632
583201
582052
105437792
754102
587683
592091
583853
575755
586588
592267
575173
580307
579591
590987
594061
584236
582075
105443933
585553
585934
594091
100892795
373196
587705
373503
577928
581239
584481
590194
584171
580431
585643
583933
594544
589275
588166
105445964
584530
592207
575027
582523
756509
580617
100892046
586103
100893187
579831
754600
577044
575234
588945
586832
588660
590636
591498
752335
586174
588149
100889783
577145
577721
584206
579243
588897
578936
752925
592162
762428
105446114
100889350
593651
586283
574071
105441791
581649
582919
589505
575162
764971
585370
575063
575326
593812
577803
752190
581285
579195
594821
589835
765087
582163
586702
581408
582365
577322
577954
582487
587706
586348
580863
588700
100888499
590510
579218
105439544
586917
592339
591341
584151
579722
585976
578876
588858
105438529
590481
577198
582221
590476
576441
580426
594372
575334
100892475
586304
100893196
576830
584105
575737
588529
582138
594798
100889057
753175
584680
588782
752628
100893287
580300
585590
584962
588680
591943
587274
105440441
579361
589273
585152
577207
591189
585029
588093
580822
578253
575148
584940
581865
578525
100893855
586387
594397
576301
756649
100887836
593546
590387
575347
579994
588527
587044
576641
577249
579397
584784
592177
589785
764523
756550
593799
587536
574833
590942
100891280
100889803
105446729
753141
373300
584365
592585
587798
581706
590066
581222
582546
581576
763128
587822
576204
105440890
100893786
754268
575690
589881
105440270
589657
105440608
576369
576217
100888929
100888995
593348
589955
373275
575808
105437473
578811
579307
578410
752328
756760
579935
579562
591574
763814
585657
589393
578128
592324
105447591
754239
755486
578224
105438010
592205
587717
762563
577618
100890372
583944
590968
100892961
582049
582011
576835
580070
577631
575007
592620
580652
579451
576306
589317
752540
764101
373317
591826
586422
575617
762564
577642
578764
588773
754700
592435
583226
763457
575433
589856
591223
578227
591483
575088
589807
762594
756492
593943
589486
590657
590843
100892446
590638
577916
579892
755783
581463
591935
577847
574601
754955
592534
577884
100887851
581958
589984
580380
581552
105439633
763369
585300
575084
585301
575884
752367
100891460
591382
105446646
579986
588883
583558
578177
593426
576551
581781
578461
583499
580742
578451
578121
582628
593255
580666
756021
577317
588156
580674
105439767
100889464
579081
579374
580148
579931
583958
576414
580363
753658
585700
584071
578981
574636
586672
574844
582945
576795
586884
763265
577887
583103
100889589
579127
581650
582626
592785
580864
582810
753562
100888310
578715
578606
575126
579662
584905
590827
592232
754757
588428
579274
100892419
586597
581055
591599
575874
591178
100888048
577167
577959
762772
585593
764741
100888453
585387
100891017
755161
586736
757160
594681
591488
587854
592151
594782
591397
574964
105438224
576535
100891656
592633
578075
575094
586477
576032
589939
575953
585759
100889988
752472
582883
592365
587999
593876
575080
579607
592289
584825
576672
586502
578507
588284
581395
575816
592597
588183
583460
575609
584887
590365
105447534
579707
590195
581063
105444279
575289
100891683
588670
589888
586683
592851
752031
584753
593861
100888035
105442316
589321
585246
594769
100888496
586799
593134
575654
587143
588319
581926
753333
583423
578233
580325
105446046
576303
578820
578850
100890537
580670
100891641
580296
576762
100891149
579553
755067
593642
592912
577654
584778
583776
592927
576484
580091
763180
594286
105436421
581020
100888594
579107
583114
581019
580191
754252
752244
593302
588558
585683
576257
584276
763307
585201
576654
585095
594644
579026
581850
577900
755636
580439
581896
589717
594353
576864
100892466
592114
575159
588613
591808
580860
591054
587541
100888081
100892936
575747
584177
582211
587941
582219
579795
579665
580656
574927
585810
593693
587558
583082
754160
105444549
592058
581800
582046
588376
582621
583418
583713
588081
583862
373339
583959
581715
587749
577658
577738
578380
580001
577570
578934
577952
583345
753367
757335
577623
373388
588931
583514
576016
577165
580493
105439658
575622
592176
585375
583129
763830
580460
593509
588644
591929
575168
100889820
592743
583098
593069
576818
105439713
577666
592021
752047
582688
752505
575697
100889633
100888038
592372
755603
583396
579910
753497
591734
100888815
584281
574551
373192
587370
752151
100888941
754661
100888667
576712
575766
593760
582126
100892638
581875
581196
590067
577105
582615
591586
580689
100890186
583548
592923
584179
587199
100891272
585210
587391
754756
574783
585357
578700
579111
578584
587519
100893969
105443132
575893
577675
588415
578331
100890753
100888433
582320
576076
548620
576910
579534
585968
587368
578433
587908
100889419
592713
752563
579458
100893972
577518
591208
585216
585056
575762
753862
586963
582592
587414
592242
590444
591898
588854
588274
581716
579130
105441448
589408
592771
588252
581088
591350
763808
100888465
105445682
582398
591791
764193
577523
589022
585338
591831
756026
105447104
587461
764164
100889894
574895
592483
100889012
592856
754298
762632
592464
762984
764541
752435
575014
762678
589085
586176
580638
100891765
594281
585950
590220
577634
589080
576462
576696
576006
579073
100893874
593867
585407
589576
587071
762504
575873
589363
589475
577743
581305
100891594
584511
373469
100892362
591982
580195
100891868
582808
594641
579599
100893425
588988
105444027
581215
100892941
585574
585330
583203
578317
752889
548618
575132
105442630
583127
578782
105447520
752101
585850
581057
105442054
591843
752720
100888055
582713
585458
373267
593941
592269
582417
574687
575396
576727
576647
593174
579207
592668
765114
591865
583726
100889942
577017
577163
574918
373225
100892559
579410
583530
581201
752566
753231
587297
585086
763022
591872
754421
574740
589177
585438
591170
582779
579604
591601
583495
583337
589304
100890629
576137
577879
586582
577951
576823
589684
589720
580910
587779
578830
577815
100888683
592505
584369
594541
752213
594617
578723
100893147
593126
753889
575790
594743
579858
579751
587294
581634
587761
593611
580266
105440467
580173
100894042
591380
752469
587454
100890448
581030
577472
579530
576519
752632
764852
575187
593029
100892223
100887859
576440
105439359
100893009
763611
100892584
754306
754582
575793
373385
754241
757154
584500
587132
590165
587539
579199
589501
591159
105441620
100889149
579971
580618
105442064
100893013
577629
578260
100891742
105439894
763690
583525
575736
105446239
757077
576350
592801
576292
580673
587198
580220
590656
100893314
585060
589739
590611
575553
581583
578673
100893494
590056
592924
591232
586110
753393
576214
584839
576984
583069
583818
582090
591240
587958
589187
581596
100893188
585120
579766
754460
581035
100890259
584285
589025
590617
373418
100889553
756406
575178
593601
590170
100890349
588746
590723
591161
577020
587837
594315
580466
763904
589767
580257
583960
100888004
592602
753090
582861
592550
576797
588015
586606
575596
578731
590159
578348
591822
576751
585847
100890123
591321
763433
100889476
575071
100890044
581340
592405
588091
593744
756823
585570
579677
593229
576102
593554
762418
105439599
763510
575247
100891178
580078
584413
100890751
583162
575210
100891514
593654
588045
582089
583426
578017
587447
593755
581711
580646
579888
762971
577599
105446915
100888279
577627
586329
100891893
579220
577357
105441330
763304
100891016
576927
584017
575406
578029
579068
584364
579284
587479
586206
593222
585276
591575
576977
591448
575771
580751
757329
576200
756912
763743
581433
593811
753087
592592
583988
586977
574987
589947
588199
100890912
753939
576680
580196
579112
575365
100889835
582152
577217
587631
591499
577697
577635
753537
579126
582927
100894138
587430
586076
577005
752406
590530
580516
578747
581981
575934
580854
592477
100890288
754809
577787
593221
581381
764377
577593
100048986
585919
583301
756337
593523
754445
585927
575225
581286
105436386
586381
586593
575128
583564
580223
578771
587700
578823
587885
763443
588322
577545
583639
579674
579144
580662
100888271
589592
577326
586326
577702
100888771
577301
578225
583110
589870
586151
105441928
591582
100892350
577290
763009
581877
765117
583500
588204
583826
588512
585021
586372
588568
589009
592142
578438
576037
580074
100889224
582532
586878
588383
593673
581513
592952
100893383
753622
584496
579300
588505
577459
577009
582050
584262
588536
585628
578654
373230
576570
589021
580482
584221
100893207
582130
587593
578774
587314
588488
581311
580097
582612
588503
589392
586344
575846
574859
580322
577960
583563
580181
574660
588440
583163
591043
100889391
594000
763845
574858
105440843
592185
100889927
581568
100891858
587263
577128
591507
588981
591606
581449
105439791
578511
585678
754516
580204
588169
578310
574894
584690
591503
105439811
100889207
586154
586307
582445
575190
100894147
100888525
574613
581060
585866
100892807
590623
591146
100888152
589508
593500
580713
373200
100893724
100890540
583090
100889933
100893380
586571
584225
575378
590369
590107
100888336
579635
764870
592407
580522
584795
578712
105437474
580068
578367
577533
764065
753043
576136
763716
593910
583749
582477
753968
762953
755555
594236
755635
581033
762385
581274
584539
580779
764585
576786
584009
578214
373382
577995
584640
582822
576349
592281
591412
593484
578921
577502
581334
584191
584266
100891464
578989
105441177
591551
591205
105443655
581859
576371
577524
585886
594039
594737
757196
763537
581376
575960
591965
582829
582154
594469
100891910
578962
100893220
577505
764246
583024
105446187
100892898
589147
105447344
577863
575354
592667
593362
576086
579019
373309
591326
584203
752081
582938
100889791
754893
754579
592601
100892150
100889288
578920
586451
580027
588418
753400
585584
575157
575056
100892878
588659
763599
586424
577116
578155
593691
574821
590838
105438509
583181
584034
585244
583357
587884
580958
585532
582939
577255
590207
576449
580224
105441899
753256
581053
576433
582199
581721
578890
105442738
582679
576709
586246
753857
373488
582542
100893723
755000
582369
588294
575462
764696
100891918
105436868
100892394
586652
592395
576248
580100
591612
586769
100891267
576815
590105
762897
578211
100891160
100893276
591939
100893782
575472
764902
589721
373431
590125
592650
579506
577921
574880
588142
581289
591788
591899
579520
578093
584043
105440826
100891131
590215
582309
575659
373320
579654
585199
583320
582242
764720
373525
592369
587506
576643
592958
105447056
579629
590061
574759
105440916
580143
754996
580695
575098
577011
592674
588193
589474
590155
755573
574602
576178
574714
100888448
591288
587163
584917
100891690
588928
577625
100892817
100888082
582229
579609
585053
586645
752724
592378
754783
100891346
592784
578540
586871
590127
575999
592342
583967
100891933
590002
574851
575174
580945
579681
586686
762933
100888501
590069
105447255
576973
100889465
579407
578937
762952
580251
578816
587932
100890501
581807
577314
575477
577171
588706
100889703
765151
593882
576297
586589
100888204
579320
753743
586718
593143
763463
575507
100890169
577369
105441035
587803
579838
579235
587821
100889787
579727
582726
583718
577144
100888641
582354
100888892
579409
579215
581629
752305
580116
593114
100889352
577619
575510
577885
100890892
105447587
580766
590648
586618
592457
593769
577566
579523
576660
587455
579321
105443028
753534
592057
585842
581151
373512
586927
590626
575751
105436412
755393
764760
100889729
589731
578453
593983
583995
591688
575952
579469
100888374
583191
100888222
592509
580981
579382
100889794
105445554
584818
594128
581506
577363
581892
584477
583829
100891258
578787
763095
587419
579736
579964
576629
588932
586005
580528
589115
590445
105444733
763484
105437042
592910
581221
577129
105437691
587736
753783
105437211
756131
578658
579033
100889698
765037
582047
579188
763340
582250
587463
100889645
580458
753380
752098
582957
579071
764762
590216
582531
590598
100890359
581391
574716
580087
764683
585038
593243
586569
578337
590393
589211
587000
577708
100889683
594785
100894107
583107
580926
575207
576151
105442318
577852
580081
594063
587772
586875
577830
753057
585826
582854
582980
579742
581938
584954
100892543
576403
105437801
585832
594222
594357
579228
589458
590073
100892637
100889050
583272
754825
591167
575828
583929
579219
763294
589943
752405
581691
100889048
586115
757121
580881
591595
589708
588904
574650
100889912
100888165
586640
582198
585279
752732
581772
590089
752797
586271
756927
575623
585461
100888139
105443281
105437706
582718
575902
763347
754245
576648
590007
763450
100893938
100889259
574588
583865
100893060
583575
586192
100889395
592754
589568
590360
589551
577730
575560
575460
100891061
582554
583976
590807
584360
752896
577038
100893518
764958
100893261
576495
594379
575693
580991
100889091
584323
588288
100889445
100888531
581723
105438469
580164
589513
576368
584345
585100
577040
587412
590156
577132
577120
589713
575710
100892664
100888517
575138
593176
584312
577114
105444440
576455
100891485
575684
105445730
582964
594243
588356
105437346
590478
580883
100891278
587924
576199
581757
580902
579450
587373
589060
100891770
593599
582394
584943
582210
100888294
576854
577881
577924
579900
752818
105437220
575139
578259
583444
588867
100893526
575114
585363
100892960
579574
587557
100894124
592684
100891623
100893974
373211
586707
764645
577371
593988
581703
589619
582738
100891647
575524
576717
581727
578258
581228
100891218
105442508
100891486
753885
762407
589832
587846
590937
100892539
575773
752071
577281
587875
753736
581154
764088
590169
581815
579573
105446448
578138
590185
586164
100890552
582195
590120
592564
588913
592065
579905
578520
579774
588167
580016
579020
105446002
593477
577412
100891478
593481
764722
105438665
578243
582249
587495
589496
754943
585633
590938
752750
575432
100892519
100891928
757170
105439696
579955
580770
581503
762762
100888084
578055
581259
584092
575576
578928
373434
591302
582674
100893690
100888841
100892542
590740
591077
575819
587364
576181
100891557
576432
100888563
579012
591473
589934
579513
577667
584440
585404
578074
585298
575899
373348
585655
586472
585734
105437267
585225
593101
590472
578470
586345
593102
100888888
582020
588833
579509
583434
373335
587322
373242
577727
582391
100889318
579085
548622
105437215
580433
576668
581284
576820
581190
100893726
764790
576377
574793
579454
583676
100888500
585712
582112
592455
582896
576807
100891492
764716
585200
100889163
752471
100889127
100892988
752215
580966
582799
100890390
593168
591903
582593
575030
583913
764615
581537
752535
373313
590047
581874
589927
753554
752357
580221
589536
592155
583728
585635
578784
594014
582316
754512
752590
592381
586054
581255
589183
105445084
577673
763122
592937
100892337
763784
756528
587252
577103
100888391
577431
100891263
577722
585909
586415
585431
105444446
105437929
586023
590490
575500
587652
756664
100891212
578394
586513
575436
100888783
100889389
578695
592875
582038
575192
577772
577351
579067
587528
582924
584659
580019
580876
589716
591581
100888010
373401
585797
578597
581540
594696
100893490
593690
591506
762939
594523
590496
584108
580904
105438467
765169
100887954
593982
576311
105438545
752982
100888805
576972
582743
763423
588618
579043
574758
587687
100890790
100889821
585275
589199
577362
105438765
580475
576253
579162
586184
591812
100892097
590671
584498
591132
105442492
100890356
764103
105446801
583705
583283
584717
373241
100892326
764357
579087
100889710
100889243
581903
585757
591837
583048
581049
591704
588382
580339
581164
580868
763248
751845
586284
578228
589476
593659
753147
581168
578867
589531
574946
578904
100889031
100891397
100888973
584675
577417
100891518
578625
581980
753159
587439
754434
100890294
100892136
588722
403119
582139
105438075
589757
762575
588014
591096
591735
756348
575015
754549
105444885
584251
592449
581644
581413
586014
582950
582683
576799
575921
100891447
105445687
584491
753187
589961
753483
575712
590809
575764
105446350
582979
583199
579832
575611
578071
586594
577286
577693
586141
578794
576430
594231
592578
577728
764204
587806
593582
579135
105447413
587120
373373
582836
574807
579291
575416
585551
585801
577732
583754
100888218
575203
100893059
580079
755970
100889970
582585
762775
580453
592133
593316
583468
578567
581160
580949
100890951
592113
590747
592857
589848
576205
100891163
580808
594037
100889034
578341
590262
762518
582659
581548
757055
105440848
100888087
373489
581398
578917
582280
100888170
576711
584197
577655
590254
752118
591435
579958
577415
584006
591534
587966
587442
579234
592145
584715
588851
587332
585718
594794
574863
576005
100890099
762801
105445727
585963
105444660
583750
100893341
756222
100890097
587361
575935
100892626
593188
755530
100887935
587448
100893290
577837
582096
591730
580746
105444813
585743
100890022
752773
581718
105438405
590057
585592
762470
588938
757133
754355
575277
575438
590121
589089
581986
584519
100890504
577982
764239
580971
755388
589347
592810
100890122
583493
100889254
105445410
105436424
586275
594422
591777
578545
100889315
100891819
575230
373409
592577
100891249
584529
586626
100892725
574751
580798
583253
585768
105440487
754043
586825
577479
584895
578838
584422
592278
105447398
583699
590196
578034
575944
591196
594428
105439734
105447242
588134
584340
581041
579471
100893361
575290
581769
105440703
582981
574897
581522
589652
576564
548616
593723
580629
100888419
578630
584993
583925
764803
584520
100892325
576707
586137
100891579
589164
586044
589719
580214
757267
578045
754725
592755
100889829
590006
100888794
588349
589622
757085
100891603
100893539
588355
593736
105442576
100891675
583465
100890558
100888473
584669
581904
580806
105442844
582265
100891244
583656
580332
575195
593963
581618
105439410
575361
580280
581558
583484
594706
588789
590522
579482
587600
589064
594407
587348
585613
105447116
577808
587831
100892015
753867
590604
575758
584718
579689
576401
589376
575478
584062
100891343
582367
593496
583464
756096
591523
105437616
592472
586170
589416
586411
577237
578404
756989
592015
105440874
100889625
753539
581452
373229
579546
100889523
754315
586750
100893654
590177
100890338
754729
575236
592941
756604
593589
575742
577611
589462
592434
580935
105438145
585003
583658
578872
574815
594252
105436725
588600
763168
591809
589340
584300
576708
100887849
755314
579310
577098
584989
755450
579559
590977
581863
589451
105439809
581816
373276
583067
373364
589286
580229
100890575
578168
589763
754922
581061
100893689
575266
100889025
577166
100891155
100893661
585806
587864
100893510
581225
583737
753827
577767
105437658
586784
105442466
754170
764308
578006
105441547
580365
100893443
100888025
588702
575770
575875
590447
105441212
578873
580359
581399
592006
582600
753616
579605
578089
594527
581456
756091
587392
579229
100890088
756858
763308
586158
575431
579673
100890694
577699
592003
105436944
575681
587853
576159
579796
574998
594418
576932
753416
584729
581878
594178
593726
593296
587492
590586
576855
762700
100890801
594288
580541
582165
594323
100891912
755755
584891
575822
582962
