548621
574589
763365
578626
582206
577656
583122
105441784
586173
585092
590178
105436437
578352
592716
100892685
582064
580672
100893633
590744
105447071
753235
581580
583617
581500
584796
586038
579256
576107
584611
577151
592971
578596
577790
754196
762415
593797
589852
580845
373360
763995
577336
575215
586685
583201
582052
105437792
587683
592091
100892795
587705
584481
583933
594544
588166
592207
575027
582523
100893187
579831
575234
586832
577145
584206
579243
752925
105446114
100889350
593651
575162
764971
581285
594821
586702
582487
580863
586917
577198
584105
752628
100893287
580300
591943
587274
105440441
579361
589273
585029
588093
580822
575148
100893855
594397
756649
100887836
593546
590387
756550
105446729
584365
592585
581706
576204
105440890
100888995
579307
756760
585657
578128
105447591
105438010
100890372
583944
100892961
580070
580652
762564
577642
588773
575433
591223
593943
590843
755783
100887851
581958
589984
105439633
575084
105446646
588883
578177
580742
577317
588156
580674
579374
585700
574636
586672
100888310
592232
588428
100892419
100888048
755161
586736
105438224
576535
100891656
592633
575953
752472
593876
579607
588284
583460
590365
105447534
100891683
586683
592851
752031
100888496
586799
587143
580325
576303
100890537
580670
579553
593642
592912
584778
594286
100888594
579107
581850
575159
587541
100888081
584177
582219
587558
754160
582046
588376
583418
588081
583959
581715
577570
577952
583514
105439658
575622
591929
100889820
105439713
582688
575697
583396
579910
100888815
584281
574551
373192
100888941
576712
575766
593760
581875
591586
580689
584179
100891272
578700
578584
587519
575893
576910
587368
578433
100889419
577518
591208
753862
591898
581716
105441448
591350
577523
589022
592483
752435
594281
585950
577634
576696
589576
762504
589363
594641
100893425
588988
581215
585574
105447520
105442054
593941
576647
583726
100892559
753231
583337
589304
577879
577951
576823
100888683
100893147
594743
579858
587761
580173
752469
100890448
105439359
100893009
763611
587132
591159
105442064
105446239
580673
580220
575553
581583
753393
591240
587958
589187
100890259
100890349
591161
589767
578348
585570
100891514
578017
586329
100891893
579220
575406
579068
591575
575771
580751
757329
756912
100890912
576680
579112
581981
585927
579674
579144
577702
105441928
577290
765117
585021
100889224
585628
584221
583563
591043
763845
592185
100889927
587263
588981
754516
574894
105439811
593500
580713
100893724
100893380
586571
584225
105437474
763716
581033
764585
591412
584191
763537
591965
582154
100891910
577505
764246
593362
100889791
575157
763599
585244
105442738
582542
100893723
105436868
100892394
576248
762897
578211
575472
373431
105440826
100891131
592369
592958
105447056
579629
574602
574714
100892817
578540
587932
575477
588706
753743
763463
579838
100888641
577619
753534
592057
373512
755393
580981
579382
589115
587736
765037
580458
594785
100894107
105442318
581938
100892543
763294
757121
574650
105437706
577038
100888517
105444440
575684
576854
583444
587557
373211
577371
576717
587875
579774
100892519
105439696
100893690
579513
585404
586472
583434
582391
581284
100891492
100888783
582038
591506
105438545
105438765
591812
584498
100890356
373241
100892326
100889243
580868
589476
753147
754434
403119
754549
575921
586141
594231
593582
100893059
589848
373489
579958
584715
105445727
100887935
581718
105438405
757133
581986
755388
592755
100888794
100893539
100890558
105439410
588789
589416
105440874
586750
589340
755450
373276
587864
577767
105442466
756858
575431
