753235
582554
373267
100889350
578352
588660
592716
548621
578820
587683
590178
590744
583122
575215
577198
577790
581500
105446729
588093
100893969
373225
762415
756222
575162
580325
100893425
578626
100889259
575027
587314
592242
589852
594544
756131
583201
574589
100891263
763995
585300
579831
584481
105447071
585700
105440441
580845
105440890
592912
586748
105438224
588722
593484
581201
584105
762564
578596
576037
105444109
581601
100892795
754196
583933
100891258
105441784
763904
591929
593651
577151
579361
575365
580300
594353
100888995
105442316
755161
586832
100888815
590586
582391
581958
584611
100888048
763365
586917
105437691
584796
582487
578128
594743
592585
580173
586683
580742
576107
752031
373192
586173
580962
589684
764870
580674
587461
577656
577145
105436437
586844
752628
574636
579599
587846
576786
753216
583790
583418
578211
100889207
105439633
582219
579553
584206
590007
580652
591618
100894061
100889141
593797
588081
100891683
587368
583617
575477
593904
753043
585338
579530
589984
592091
754102
100888159
764971
577442
753734
580251
581580
105446646
100889710
587132
100888271
100890537
591791
583484
588696
105446239
575622
100890912
583337
580670
105447534
583318
589304
764176
581904
100893577
100892522
100888594
592232
586329
574714
583103
591586
763611
100891131
100893287
579858
587736
763212
581523
580562
584491
577634
105439468
585657
585570
589576
105438270
373431
580359
752469
100888814
764696
582957
576712
105447591
590125
577879
105437474
593876
580220
105438942
594236
100892519
762897
588142
587958
373215
762935
589810
757329
576448
580078
100893380
577523
588166
100888279
575684
755215
762594
756858
100892419
100892015
575148
576248
580263
589187
105445542
105437792
594281
756649
582688
574650
105442064
581478
100892817
105438301
592667
100892539
588319
584806
105447520
575697
762504
575159
581706
105439811
100891272
100888496
576726
583514
583809
752435
580195
753862
574894
105439410
576297
576535
751833
105446187
763395
581104
584281
594252
373275
763716
100893723
594286
373211
752213
105442029
593008
100888787
589927
581030
752342
579107
585021
752472
580770
100891929
593642
575953
575336
580881
105438010
100893259
592693
588806
584191
575771
576910
756005
584177
100890076
100890002
577317
105442318
587932
591208
586672
578989
591159
105446839
100891492
105441928
587761
584503
100893009
583726
584778
587506
589115
755393
578348
582878
585635
105446084
100894146
581086
594584
762881
105439713
578584
580074
105445437
578226
764662
100893539
100888010
593500
575472
100889375
588358
105444211
100888081
588470
105439359
100889791
765117
579958
100892559
576403
580689
592755
100890259
575921
584179
579838
752988
575549
582445
579629
753743
373512
100891514
105445519
755206
585244
100892325
584498
105438988
576823
100893059
414330
105440455
579740
105446350
105439342
574958
592851
757121
588928
100890356
581986
594737
577038
585010
581938
576686
581260
584215
100892166
105444168
100889243
579886
105442888
574974
578061
586858
591506
593265
100888641
587709
582361
592016
580458
587864
592720
105436844
593175
753935
755668
574602
575431
586571
577676
105440456
100893690
583563
105439885
577148
586545
594205
580370
105437011
574696
105440826
588257
581033
589816
755450
580357
584221
100889242
100893063
588966
105447490
100890135
755293
757133
593532
105437843
100888258
588178
100889670
105440006
593582
582960
586736
594785
105442616
765015
754582
105437805
105444691
578951
100891587
105436750
105441563
589643
2652716
