100889257
581885
593520
763759
582860
105446129
589120
105436405
585237
580504
588531
574553
580088
591964
583455
105447117
593806
588942
579532
588345
577892
574685
584483
588885
591474
578804
592320
585921
588740
593098
588795
105444109
755131
589195
578762
589571
577986
581078
585147
577855
575643
587575
576671
574857
593605
100893477
575320
577534
579899
593232
582540
579726
576276
579700
100889322
577393
754815
574069
583086
581409
576400
105443896
575946
586880
591121
583947
575632
754102
583853
575755
586588
592267
575173
580307
579591
590987
594061
584236
582075
105443933
585553
585934
594091
373196
373503
577928
581239
590194
580431
585643
589275
105445964
584530
580617
100892046
586103
754600
577044
588945
588660
590636
591498
752335
586174
588149
100889783
577721
588897
578936
592162
762428
586283
574071
105441791
582919
589505
585370
575063
575326
577803
752190
579195
589835
765087
582163
581408
582365
577322
577954
588700
100888499
590510
579218
105439544
592339
591341
579722
585976
578876
588858
105438529
590481
582221
590476
576441
594372
575334
100892475
586304
100893196
576830
575737
588529
582138
594798
100889057
753175
588782
585590
584962
588680
585152
578253
584940
581865
578525
586387
576301
575347
579994
588527
587044
576641
577249
584784
592177
589785
593799
587536
574833
590942
100891280
100889803
587798
590066
581222
582546
763128
100893786
754268
589881
105440270
589657
105440608
576369
576217
100888929
593348
589955
373275
575808
105437473
578811
578410
752328
579935
579562
591574
763814
589393
592324
754239
755486
592205
590968
582049
582011
576835
577631
575007
579451
589317
752540
764101
591826
586422
578764
754700
592435
583226
589856
578227
591483
575088
589807
762594
589486
590657
100892446
579892
581463
591935
577847
574601
754955
577884
580380
581552
585301
752367
100891460
591382
579986
593426
576551
581781
578461
583499
578451
578121
582628
756021
105439767
100889464
580148
583958
576414
580363
753658
584071
578981
582945
576795
586884
100889589
579127
581650
592785
580864
582810
578606
575126
584905
590827
575874
591178
577959
762772
585387
591488
574964
586477
589939
582883
587999
575080
586502
578507
592597
575609
584887
579707
581063
589888
584753
593861
100888035
589321
593134
588319
753333
578233
105446046
100891641
580296
100891149
583776
576484
580091
763180
105436421
583114
752244
593302
588558
585683
576257
584276
763307
576654
585095
594644
579026
755636
580439
581896
589717
576864
100892466
592114
591808
580860
587941
579795
574927
583082
592058
582621
583862
587749
577738
578934
583345
753367
757335
577623
577165
580493
585375
583129
763830
580460
588644
575168
576818
592021
752047
752505
100889633
100888038
755603
753497
587370
752151
582126
100892638
581196
590067
582615
754756
574783
579111
105443132
588415
548620
585968
752563
579458
100893972
585216
582592
587414
590444
588854
588274
588252
763808
100888465
591831
756026
764164
574895
100889012
754298
592464
762678
589085
586176
590220
579073
100893874
575873
577743
581305
100891594
373469
580195
105444027
100892941
578317
548618
575132
105442630
585850
581057
752720
585458
592668
581201
752566
585086
763022
585438
582779
591601
583495
576137
587779
592505
752213
594617
753889
575790
587294
581634
580266
105440467
591380
587454
581030
576519
752632
593029
576440
100892584
575793
373385
754241
590165
100889149
579971
578260
100891742
763690
583525
575736
592801
585060
592924
586110
584839
583818
582090
589025
590617
373418
756406
590723
577020
587837
753090
592550
586606
581340
592405
593744
582089
100891016
584017
587479
593222
589947
580196
575365
591499
577697
590530
578747
592477
593221
575225
105436386
575128
578771
763443
580662
586151
591582
582532
588383
579300
588488
589392
586344
574660
100889391
594000
577128
591507
105439791
585678
100892807
577533
582477
581274
577502
105443655
581859
594039
575960
100892898
588418
753400
574821
105438509
580958
582939
577255
576709
753857
373488
764696
576815
100893782
764720
100891690
582229
592378
762952
579235
105447587
591688
577363
578787
576629
580528
582250
579071
590598
574716
590393
577852
105437801
590073
100892637
752797
590007
100893060
577040
577120
576455
100888294
586164
578243
590740
577667
584440
373348
585734
764790
105445084
577673
100888805
763423
581168
105445687
575203
594794
100890099
105444813
100890022
373409
105447398
584340
575290
105440703
100888419
100891603
100891675
105442844
105447116
593496
590177
589462
578089
763308
574998
593726
