100889257
105436405
105443933
585147
580504
579532
589120
593806
586348
588531
575320
589195
593520
583455
581885
582860
577868
592267
587575
763830
581781
594798
592339
593232
575334
752335
577673
105439544
105446129
585237
593098
577721
578762
584062
588942
592324
100891280
575632
574069
373196
580363
577005
577892
591964
587717
590987
585921
762428
583086
574601
581729
373317
575755
588670
586283
578075
763128
754241
373503
576762
578804
576217
580431
580656
587631
586525
585301
574964
585152
574553
105438529
755636
577044
100892446
581926
100888929
100893477
752505
591483
577986
590510
373519
577623
578688
576727
585976
105439791
575347
105447117
373488
588149
589393
765087
100889803
575326
373207
590481
105447104
763180
582138
592320
584483
585934
752190
548618
579797
590220
586103
100889589
100890099
593605
577855
752151
581063
577730
579892
590942
584839
592177
576432
590006
589943
100890503
763067
588858
582540
100889322
580257
584585
588644
105439809
763307
574998
752328
578934
588558
753400
753057
579019
100892807
105443132
591121
583947
589835
100893202
577954
576414
753842
588440
584784
583818
579451
585458
575168
579700
576685
373469
575735
576276
100890169
580629
581409
576760
100891108
585276
100892898
763022
100893786
100888568
580528
584943
586880
763690
576818
590598
584962
590740
592650
592477
578045
584071
579073
577738
764790
582592
585683
100889149
592801
591341
575173
586110
105438509
586588
575203
580958
594617
579783
757335
589939
588897
581222
754729
585298
577852
577533
100891603
594039
579994
592626
100893060
105445687
754298
592965
755970
579071
592738
590530
755731
583353
105443655
100892619
589955
105443281
575917
588157
590393
590073
574574
100893874
593861
584017
548620
593690
373354
591003
105439471
578158
579986
105438114
753658
574895
762595
373385
576654
100888294
578414
579678
576137
755967
100891690
373282
105447398
578380
577120
579857
577040
762678
574929
756679
763308
100891675
581650
105445436
592500
100888805
581196
