100889257
105436405
105443933
753235
582554
585147
373267
100889350
580504
578352
588660
592716
548621
578820
587683
590178
590744
579532
583122
575215
589120
577198
593806
577790
581500
105446729
588093
100893969
586348
373225
762415
756222
588531
575162
580325
575320
100893425
578626
100889259
575027
587314
592242
589852
594544
589195
756131
593520
583455
583201
574589
100891263
581885
582860
577868
763995
592267
587575
585300
579831
763830
584481
105447071
585700
581781
105440441
580845
594798
592339
105440890
592912
593232
586748
583391
105438224
588722
575334
752335
577673
593484
581201
584105
105439544
105446129
762564
585237
593098
577721
578762
584062
578596
576037
588942
105444109
581601
100892795
592324
754196
100891280
583933
100891258
575632
105441784
763904
591929
593651
577151
579361
574069
575365
373196
580363
580300
577005
577892
756509
591964
587717
590987
594353
100888995
105442316
585921
755161
762428
583086
574601
586832
100888815
590586
581729
582391
373317
575755
588670
581958
584611
100888048
756823
579407
586283
578075
764523
763365
763128
586917
105437691
574071
584796
754241
373503
373300
582487
576762
592971
578128
594743
592585
580173
586683
580742
581649
576107
578804
752031
576217
373192
581211
580431
580656
586173
587631
580962
587706
589684
764870
580674
586525
587461
577656
585590
577145
105436437
585301
574964
586844
585152
752628
585553
574553
105438529
577314
755636
577044
574636
763759
100892446
579599
579017
581926
587846
762563
100888929
576786
100893477
752505
582309
753216
591483
583790
583418
577986
578211
579520
585584
590510
373519
577623
100889207
578688
576727
105439633
582219
579553
584206
584825
585976
590007
580652
591618
100894061
105439791
100889141
593797
577618
588081
105443896
100891683
585092
757077
587368
581154
590476
591777
575347
583617
575477
100893855
105447117
587705
373488
587822
593904
753043
585338
579530
589984
592091
588149
580385
577336
592367
589393
583558
754102
577167
100888159
764971
764065
591474
577442
753734
580251
581580
105446646
765087
756492
100889803
575326
373207
100889710
590481
587132
105447104
100888271
100890537
763180
582138
592320
584483
585934
577928
752190
591791
583484
548618
579797
590220
592372
588696
105446239
586103
100892225
100889589
100890099
575622
754700
100890912
100892936
585643
583337
593605
580670
582626
577855
105447534
583318
589304
752151
592201
579256
764176
581526
581904
578403
100893577
586326
100892522
581063
100888594
577806
577730
592232
579892
590942
586329
584839
574714
755730
583103
588505
591586
763611
592177
576432
576301
576835
590006
100891131
578830
589943
100893287
100890503
763067
582075
588858
762640
754160
582540
579858
587736
588156
575094
763212
581523
580562
587759
584491
577634
753141
579081
105439468
100889322
593255
591599
100892960
585657
580257
575643
585570
581573
589576
584585
105438270
585246
588644
578224
578177
373431
590183
580359
583024
578838
578090
100889988
105439809
763307
752469
100888814
764696
582957
576712
591943
579751
105447591
590125
574998
577879
579345
581800
752328
105437474
593876
580220
590638
582523
578934
588558
583098
753400
576551
752925
105438942
594236
753057
579742
100892519
762897
588142
579019
577887
587958
373215
762935
589810
757329
576448
100892807
373434
580078
100893380
577523
105443132
764377
584171
578811
588166
589486
100888279
575684
755215
762594
756858
577675
586685
100892419
105444549
100892015
100894042
591121
584369
373360
583947
575148
589835
576248
755783
589286
590859
100893202
578121
580263
577954
589187
588740
105445542
591872
590216
578367
582163
582206
754757
588795
577393
593528
105437792
594281
576414
756649
753842
588440
584784
580088
589881
582688
574650
105442064
581576
100888499
581478
583460
583818
575596
580380
100892817
579451
577797
755131
756337
578876
578850
577916
588510
590194
105438301
592667
585458
581433
575234
575378
100892539
574897
587883
579591
576070
588319
584806
105442508
105447520
575697
582713
575168
583396
762504
754809
575159
581706
579700
584680
105439811
576685
100891272
754600
100888496
576726
373469
583514
575735
576276
590623
100890169
578433
756927
580822
580629
582126
581409
576760
100891108
583809
100887954
752435
586597
580195
576400
583958
581239
753862
584690
574894
586271
105439410
100890894
582211
105441620
586019
585276
576349
577207
574685
576297
576535
100892898
576672
763022
763484
589785
100889278
579195
576016
100893786
100888568
580528
576927
100888552
583510
590093
592713
751833
578921
584943
578597
580307
594397
590636
100888517
105439599
764741
105446187
591809
575822
763395
581104
586372
578034
586880
584281
594252
580466
575976
373275
763716
582810
575289
581078
588503
105439311
100893723
763369
594286
587908
373211
763690
582612
752213
590968
576818
590598
591232
579899
594769
105442029
100889057
584962
753939
593008
577666
754252
590740
100888787
592650
582981
373195
576365
580339
590169
588945
589927
581030
577815
586345
765114
756550
593546
585387
587199
584954
100890372
764122
579910
584940
593812
583713
592477
764194
583129
578045
584071
575946
579073
100891656
105438075
752342
579107
585021
752472
580770
577738
764790
580087
100891929
593642
582592
578936
592743
575953
592771
751843
585683
588766
575336
756021
100889149
578723
373316
592801
585810
580881
575056
105438010
574687
575874
100889549
100893259
592693
588806
575690
373506
591341
587198
100894124
584191
763805
575173
591734
100887836
589571
575771
100891979
105436740
578410
576797
583598
586110
576910
756005
575084
584177
575884
105438509
100890076
582316
100892611
577524
100890002
580332
588700
575136
577317
576462
105442318
577301
592281
587932
582205
373401
583468
591208
586672
583853
578989
574833
586588
100892218
584151
591159
588015
575203
580910
579085
754815
591189
591899
580958
105446839
594043
579673
586297
100891492
548617
578138
585375
575773
757154
594617
105441928
587761
100887849
579783
757335
578731
105446150
589939
588897
584503
584505
587044
581222
578081
589475
100893009
754729
579607
576006
588294
583726
584778
585298
577852
105445128
587506
587099
577533
752305
589115
100891603
589408
594039
755393
578348
589505
100889912
593174
579490
105439767
582878
100892729
575115
585635
105446084
100894146
581086
590105
584365
594584
592407
762881
584340
100888051
105439713
752277
587430
584276
105437473
580610
753867
578812
100888941
105441899
579964
579994
591682
100891641
592626
100893060
591551
105445687
575952
582454
578584
754694
581503
580074
105445437
576450
575611
575508
583191
579111
100893148
578226
754298
578310
100887851
100888210
764662
581552
588151
592965
755970
593755
588376
100893539
574743
764541
753159
582195
581215
100888010
592058
577222
762518
581876
105444660
581088
576369
579123
575126
593500
100888531
589317
575472
579071
756348
100888702
582221
100889375
577326
105439906
588358
105444211
100888081
588470
592578
577322
105439359
581716
590127
586502
578764
582050
580849
586176
580019
100893510
587294
592738
586151
591326
588931
100889791
593691
575816
590116
765117
591397
589273
581093
100890753
576292
590530
763443
580148
590159
755731
579958
581718
583353
591170
578823
576205
579677
764803
589022
575617
585346
756959
763248
578071
581395
100892559
100889318
763433
592021
576403
580689
592755
105443655
100892619
579126
583988
575433
577982
592785
580864
755486
579037
581375
579378
100890259
763264
585535
588091
586966
589955
586370
100892542
584887
585832
577017
580746
587839
579218
591582
575921
575876
577642
584179
580229
105443281
576175
588613
579026
584236
575766
579838
575917
100891160
591146
576280
752988
763960
588157
594681
587687
575549
593425
582445
576671
580676
752545
100889787
588252
590393
577841
577610
584993
579629
590073
105439764
584406
753743
100893866
574574
105441547
582945
592972
583203
582064
580155
762418
756946
752337
373512
100891514
594063
100889933
582365
754783
576641
578253
580646
577249
105445519
576570
592924
100888049
100893874
580695
100890057
100888170
100894091
100888362
591350
593861
100890951
755206
579421
584017
576962
585244
100890056
593850
577884
580902
755959
585398
764382
590827
581274
582354
100892692
579414
100888625
594128
580943
582347
581019
373178
100888563
588493
579469
548620
593690
100888302
576306
763457
100889031
594315
579562
373354
591003
587143
578593
100892325
588618
577129
765072
105439471
579020
590067
588680
762872
582287
590057
588014
584498
575893
591939
753393
592269
589739
105441319
105438988
580662
100890629
100891163
575726
100890390
576823
591865
100893059
578544
414330
591988
100889292
105440455
577803
590852
578920
579087
585407
100889942
592207
578158
579291
577020
579986
587203
577425
581160
583499
574880
574771
578949
588169
591606
588782
584138
753783
583181
591510
105438114
584538
582836
100892662
591499
579740
100889069
576668
762953
373373
100893279
753658
584441
100890751
578227
105446350
105439342
100888841
583639
752724
373206
577484
582919
576519
590671
574859
579243
582808
589832
574895
574958
592851
575178
576441
583805
578461
580854
580206
580223
589856
757121
373397
763050
591574
753190
577473
575790
100891692
588988
577505
100893442
100889513
585056
765169
578782
578606
592222
588928
586038
100890356
580191
580638
583862
581986
594737
577038
100893147
762595
105441791
593348
585010
577472
764361
585107
584285
574927
587072
592260
581267
585768
753256
580475
105443009
105447344
578873
589928
582047
583776
577654
586513
584165
579394
373385
581938
589420
576686
590249
581260
584530
593044
584215
594443
763203
580426
577698
576658
752034
100892166
100888455
105444168
592988
100893726
583252
100889243
100891464
576032
580904
594372
576200
579886
589275
581963
585593
575751
100892961
576654
584921
576939
581449
593656
581850
105442408
578453
592910
105445730
105446114
576440
588414
587597
588536
575144
100888294
581234
579274
582822
578794
105442888
574974
100892046
754460
577570
578414
105447413
100890349
579678
575174
754306
589363
580214
575098
100889553
582883
578543
575808
105436396
587163
578061
100891267
373313
580010
754209
548625
583163
580957
586858
592205
100889345
589177
582042
574645
591506
105444446
588913
593964
578680
580666
589178
586825
575762
579912
587391
582210
581340
576159
584360
753040
585216
577952
583754
575114
584529
762446
586872
576137
594091
100890670
2652725
100888448
593265
755635
574850
586023
586963
588708
577011
582320
100892061
579262
755967
762575
100891765
100891690
100888641
592399
578451
590672
751845
587709
753062
582361
583286
588547
579300
105437042
577959
763537
373282
587439
581391
762470
578636
100889046
577787
575030
589888
576920
100888199
373219
579033
592016
576325
594807
105438467
592952
576983
589166
584795
576118
105447398
581305
580458
585718
578525
579269
580876
587864
575063
100889068
578380
577053
579386
591324
587370
575132
100892394
100894010
752540
592142
577120
105437220
105446915
752189
100891869
574679
577722
586862
100893633
577847
105436412
581285
581452
764466
592720
105436868
581438
100890816
584364
752414
593222
105436844
589578
583375
764852
575804
584228
587726
591178
576513
593175
583925
592902
753935
754955
589021
754986
577158
577200
579931
591601
580100
591421
105447056
588026
100888055
579857
587978
100888952
577040
580991
755668
591874
582489
581727
575299
588553
582546
105445964
584905
100889419
105436431
582334
593478
590056
100889464
590604
574602
589392
100892245
588428
100892941
587350
579130
586115
588264
588382
592564
100892221
762678
575431
588885
581656
105441448
574844
100891858
579773
593799
579888
755326
589961
100894029
574857
590938
586571
577676
105441330
586381
574929
756679
763308
753829
577116
763582
580027
583995
581038
584542
574853
754825
586686
100888223
105440456
575779
762549
582542
577933
581074
575875
105438703
100893690
105440487
580493
586051
582052
764069
105440467
100889352
586884
585698
582967
753231
585580
593565
577105
100891868
100893196
582046
583563
752244
585744
105439885
590497
100889820
580680
586304
100893276
100893314
100890539
583069
105443035
588082
592591
576005
100891675
753889
594061
574551
100893698
753533
576425
752732
582674
576872
576126
755573
590445
575737
583114
581691
577148
591843
586545
578672
587619
585872
577428
581650
762801
100888047
100890799
594205
105445436
579426
100892964
100892475
587749
584461
593988
754208
580370
578625
579645
588721
105437011
373234
591054
100889012
574696
579187
585797
100892797
583405
105445682
592889
579060
105440826
100889625
583976
588257
100892638
579050
589719
105447554
580248
590444
577732
581033
582498
580070
581517
585909
587445
594283
592162
752720
100893187
755067
584649
589816
581823
587941
581896
575452
753607
589717
757282
755450
582973
763557
580357
593769
589347
590843
593778
584221
580779
584425
100888374
594379
754239
105443028
588224
100893850
764369
577851
590385
581221
100889698
584422
576170
576147
592601
592500
100889242
752471
575177
577312
590069
105436421
373348
378944
105436586
582440
587933
586582
755122
587798
587670
577957
575736
581596
105437031
583717
100893063
752555
765151
581540
100891032
582146
587789
591780
592958
588966
105447490
100890135
587946
755293
585357
587668
100892466
590617
752057
580358
757133
580224
593532
579365
105438324
100890294
591807
105437843
105439788
100891729
576757
582130
753616
100888258
592483
578520
581408
589434
587536
588178
580081
100888336
576204
578834
586986
591380
578816
105443181
100890592
100888805
583121
105445300
585330
586229
579510
373269
100889940
762939
100889670
586451
580713
589457
575504
577102
578397
581224
588683
100893290
100889783
593121
587493
100894147
590531
579722
754030
752115
105440270
100888683
100890634
578168
105440006
588981
578637
576864
581228
594826
581035
593582
582960
581443
586736
578814
100889245
100891888
576086
100892097
100892423
581875
100890448
594785
576079
100893456
588415
105442616
594323
765015
105442819
581495
588497
592674
592472
763845
587821
105446299
590728
582398
579332
581456
100887871
754582
578055
586769
578518
594100
100890653
752094
100892362
100888457
584901
100891879
100890421
586237
578317
588533
577545
575190
576484
763820
583524
105437805
593614
579307
582142
579534
579410
100891623
578540
100889894
588585
100892057
105444691
585029
591524
581196
588529
581583
755589
589848
583058
100888750
578951
581020
583865
105436985
105443509
100891460
579971
100891587
105445103
577951
105436750
583067
105441035
579102
574740
592411
753367
575939
548616
582155
581052
580433
583530
580322
583423
585689
587779
584812
580439
100888501
100893139
754546
583676
105441563
582011
586422
591808
763758
580512
100890123
575143
593867
582718
589643
579559
593931
2652716
588284
590155
588568
763357
100888632
582738
575238
587281
576647
586868
576169
580047
100891563
574724
589155
753175
588867
587593
591073
585168
581865
580961
589944
591488
100891731
574665
587303
591965
105446046
100888148
580369
100888084
763464
585544
105437267
575654
578155
100889483
586076
576102
105440272
581703
584463
585275
587777
100889445
592176
586387
589307
578874
586307
583464
580672
585826
583444
581681
373242
577631
593999
100889752
100888997
578952
756859
592633
580804
579342
578069
100890165
100891041
594031
586069
581168
588374
105440848
591688
586833
579133
100889554
752750
594557
105444779
591328
586667
100888117
100890267
585850
584500
581293
586871
591267
577103
763133
574851
578063
580154
583656
100889391
589321
582443
579225
581678
594641
582460
578533
577039
588938
581381
763340
100892584
586472
100893509
584142
581762
579174
592668
100888473
753988
100888038
581053
580097
752047
593723
591536
575747
580860
588167
100892725
586927
591498
105437848
755168
582980
586524
100890828
585914
594527
590815
764645
105445241
100892326
765152
592565
581255
579848
583094
579635
574975
577165
577767
588773
578221
577494
576590
576329
575363
586365
576206
593993
763619
588854
592747
584896
583929
580001
594407
752828
593069
583575
588024
100888004
580565
579458
100891673
582090
577653
575524
592923
100893974
594652
762974
580883
105444372
752160
581710
583658
100887891
575553
764886
592490
105442054
578867
584043
762898
587831
581715
578331
100893341
585391
576509
584312
574783
576629
578454
580634
105439087
576875
755739
100890476
591167
579165
580898
100891071
445330
577670
577902
591826
582235
577566
100892480
593229
584477
576645
378471
580355
100890130
575934
105438074
592420
579609
589807
105438145
579068
590066
757160
580897
576696
100890858
579676
100892657
587414
764826
756739
591223
100891278
593440
756760
752061
105447505
585510
576564
581634
592152
100888233
583500
105443615
575290
100889465
588593
764193
590990
575620
582039
100890484
105446392
576514
582679
105440608
578650
586344
100888575
590611
2652724
581135
583749
100890359
588836
100889418
764103
580566
579651
105442632
576303
579382
588285
579419
580296
754756
583302
753954
574813
582049
588274
577371
579438
576680
586875
581060
593481
373478
575058
581430
580222
583345
594139
583564
574628
585741
591201
587286
576977
585120
373367
764373
586315
100892375
593866
577780
753715
581835
764368
585801
585095
100890231
591831
577881
105446450
373247
100888888
588475
591935
100888152
578619
580574
594469
576160
582213
586576
752490
594385
100888753
105439634
593558
591503
100888525
586940
100889197
575071
2652718
577416
575754
763738
577363
591096
594821
587252
105442466
584225
100893085
580076
591898
583199
752332
100890790
100890558
763807
579726
589183
593766
586543
594038
753497
590908
586604
594742
762371
586908
577495
581890
755676
591940
762772
594729
586477
100891567
589800
588833
100888679
590109
592780
373186
579397
588303
581618
100893346
588048
590595
574918
100889770
105437658
593776
592856
100893207
753821
592435
586284
594047
575080
100888771
592144
576656
577182
100893476
584659
585201
754570
105437215
588838
582417
763583
575207
580477
105436725
575609
105436520
581148
576984
100893494
575482
588539
582593
578404
586154
100891910
590902
591552
756386
586774
588686
579180
574861
582506
592629
586702
105436651
582726
100890782
581286
575014
583649
575191
588883
583048
100892599
100892239
548623
100892648
589516
586242
582485
576229
594014
100890581
589209
590365
105436397
579310
100889471
586541
754245
592185
100888139
756943
586010
582798
100894140
105440046
575317
585340
581087
590045
582177
574839
590071
100889590
582854
393083
576072
105437141
100891907
100889897
586645
762385
752411
577743
100889307
590989
764762
578654
576434
403119
578344
575088
581954
580085
578750
583389
578658
580066
575703
590500
100891701
578673
105442738
585060
579422
594564
582999
575989
594696
100889505
590209
764350
577107
100888200
105437783
581166
373491
590973
576367
100889340
585740
580814
585628
589900
100893689
579707
587188
100889829
763304
592015
754661
585806
581763
590766
100891016
579041
378470
373339
580009
752237
100894040
587652
764101
577627
586640
579202
100893707
585086
764683
100892544
585652
100890892
584064
578277
594035
585225
583525
574788
752081
105446135
587392
754315
575768
588438
100890978
100891282
584539
752997
583607
583495
575899
579579
575268
100893518
593206
587121
577728
581062
578712
105437801
578050
576733
591529
583647
577485
587558
578275
763294
587448
579234
755197
581289
753735
100891299
100892258
592507
105443503
578788
105439655
576181
100890904
752889
754905
581311
590343
587541
587884
592509
593477
757055
579795
575018
576237
754434
581689
593316
575180
578774
594357
100892397
576433
591507
100893308
577511
100889399
100893359
584952
373382
100893463
584753
577983
582099
591795
100890033
578284
577808
579901
589025
583127
100890088
580015
588772
754637
589308
574962
581055
756008
575128
591885
586799
580703
575873
105441242
580128
105436443
577201
100889922
576081
578981
100893366
578225
582341
100889476
576928
100893407
584266
373388
593625
582964
575169
763808
100891243
580945
580221
574858
577162
580117
593968
575007
583722
754725
594592
752111
580578
593709
593362
578462
100889927
100888644
100889203
756261
757273
582178
577655
577960
590207
579389
577740
100888703
762775
762632
105440916
580091
581405
765039
588422
577426
105436925
105444798
576894
581708
752563
581057
583876
580856
578470
586164
100892871
100889891
581548
577633
588512
593673
591868
578387
594541
577417
100894030
575436
589933
100893612
100890122
580036
577384
592760
373420
100889011
589767
579462
575928
579280
574750
575350
588143
591923
100888419
584018
105439308
582628
762758
752101
105447587
576532
105438545
582486
593760
581979
594310
576807
590757
590156
592709
586043
576144
100894111
592598
579219
100892344
579348
591120
593119
587947
584323
581334
591473
105445832
593611
753641
581235
582314
586718
584367
754579
580829
373260
584251
100890658
591166
585138
588527
587473
100890777
594693
100893206
592365
582737
756336
100891397
587519
578209
105437346
587263
756604
579320
593627
100891178
754213
100887864
755087
579663
579135
577459
582721
576688
590539
100891874
590123
575999
584123
574654
582096
581748
105445467
583748
100891189
757180
575197
594214
580113
100891962
582154
100892422
585210
582477
579207
373226
753105
373423
591788
581447
105445554
576815
585592
587128
590273
575693
581535
575412
576533
579001
754869
593509
100892988
588746
590162
100892543
577629
578364
105437250
581345
100891286
373273
100891378
579943
100891144
100889288
578336
755555
589080
587762
592289
581028
764213
576575
580174
587853
594820
585727
105444440
752338
548622
576574
586606
579990
757265
588183
579944
578532
578787
584304
591196
578220
100892350
592708
105441400
578832
587875
105440584
100887936
100892226
100891149
580482
589085
576228
105440096
576491
590369
594679
105442492
584729
578233
756026
588008
575996
100891742
753147
756255
586560
580981
577213
579460
763179
752704
578898
586486
593134
593744
575861
373462
755755
582139
575474
581264
579197
574881
100889761
578771
589474
594422
594382
577048
753230
577286
105446224
576751
100887998
754549
755109
588288
578587
585332
105444892
100889238
585101
588204
576796
587364
373539
752343
100892033
592505
574811
592143
594644
580797
100893365
753251
593033
577351
373409
100891372
755499
755119
580627
578017
591575
587925
373486
763794
584322
577536
593496
594425
100887866
588060
579436
105439409
588898
100891447
105445164
588675
578105
584446
581006
592292
757003
584475
756350
574863
588905
581147
100892749
586375
575796
100892878
754972
577989
581711
105439734
2652720
105445067
577128
578976
577854
579670
592170
756179
100892758
100889261
575510
591130
585968
752230
578803
582503
586388
581999
100893491
588860
755162
100892150
588140
587688
100891821
589574
592873
577244
575826
590107
590447
100888529
585551
583162
577733
581982
100888944
100889190
582991
582621
105442548
577357
100888285
577518
578390
577830
756286
592492
586924
100889610
582410
587814
100892531
763766
577783
105446982
592640
578741
593168
591490
100890044
592452
404200
583653
581339
589993
583227
583872
575225
575593
584273
592215
755000
754150
591837
105436944
580546
100890186
105436763
583137
590360
586505
588038
576803
577163
594795
591205
586056
593886
593805
100891012
591487
582089
764641
100888472
754396
580253
755742
592402
582388
574669
594575
100890340
105437132
589567
577108
580818
578031
578295
574779
583716
593516
105441437
574613
762641
100893546
589419
752227
100889654
105439058
593185
576539
752582
591735
589388
100048986
579317
592941
582167
754681
585285
100890097
579674
373466
100889851
589276
579277
578009
100889034
575375
575227
591790
587455
581061
105440703
583320
100893654
583750
591819
589670
591086
579644
100893261
100892685
754498
100892769
576133
100891322
576800
587995
373246
589631
588199
764615
575637
582950
583577
404196
587097
583357
100889645
576263
577611
588692
575579
587131
100889734
588763
762933
576214
591115
584259
577889
591982
594484
591744
579354
592188
585370
105446002
763265
585461
580509
581128
588045
583641
576911
586843
577727
593468
576121
100890411
105438469
762995
105443558
577708
105439756
584837
581506
585453
576250
100891933
574558
100888440
575460
100888109
578545
584006
753898
590901
588345
583082
579137
584583
579679
577630
593294
577082
594380
584629
100890540
100889127
586116
585739
414053
593397
579603
586040
589987
594242
584048
594587
588807
100889919
100891387
590657
585077
762952
580766
593029
580541
592369
100890212
763009
582242
587476
105444025
414055
100893811
583936
591026
579574
575450
373265
575247
581513
576487
575877
589622
577924
100889925
584560
762398
577927
756388
755229
575892
575659
582840
100890329
581163
581773
753325
593133
752954
579374
585487
575341
580697
577922
577028
579656
593589
592062
578781
576419
579239
579235
593063
100891647
581563
100889091
577237
578807
580057
100892472
752520
585932
100890552
100888794
579935
579321
764308
581180
580130
576891
581522
590707
582084
590644
576841
584203
752883
589176
575281
587837
592563
100888119
582202
582035
591989
577901
594179
764757
583938
580007
574946
578003
589724
579152
577144
577064
100893734
762803
584095
587138
763063
755600
586948
575764
373364
593764
584009
593717
592581
590319
585371
587854
576199
592031
100890560
100892694
583548
100890264
575710
588134
757057
585455
577345
585748
576458
592346
100888035
592104
575507
579051
100889528
581463
373368
576291
576151
577596
592251
588706
576178
583272
578261
105441473
755388
592681
574987
575618
589592
588960
581903
582719
593882
578676
592596
586471
590472
579150
591711
581855
100891167
100889859
576311
594540
583760
590701
105445262
764720
763355
576472
576444
105436424
579774
100888334
585757
587891
100891346
752644
100891935
575416
593426
577652
585926
105442195
754512
575102
585057
581981
577431
591714
586039
762545
580843
589116
590583
586939
100890018
100888694
584702
574821
105443982
577690
574887
582364
591869
373307
579681
764902
592057
579485
592850
585715
582265
575454
105438481
576650
590191
588569
105443441
577377
581725
583874
583848
578913
100888145
583960
577766
586677
589409
579155
100893615
582229
577114
577697
100893370
763814
585585
592762
579815
763886
588126
587791
581719
576030
591794
578169
581816
100888919
580959
105446283
586878
584398
105437641
578133
581325
100888783
105436929
582941
100892440
576495
752590
100888454
578546
587676
580928
579966
593983
587036
100890512
105440823
586958
585377
100893185
105446626
576039
100890683
586818
589158
105445719
578247
577479
580489
578089
105442543
579712
105438610
579955
585438
590490
105436788
594222
574732
587421
763347
592449
583941
594349
582513
582020
764831
575170
589417
100892171
753719
582829
592391
586240
105441796
576660
590170
764011
588864
579505
583196
100893409
585404
105446121
592794
584518
594231
587548
591161
586652
578066
752537
100893386
574716
100890852
105444594
575354
575444
579814
587527
100893269
575445
592684
575783
591772
754443
579762
581352
100893915
587337
586215
592651
590142
100888839
373229
589728
582329
579992
583489
583718
105438133
576619
583113
589818
100890846
590977
100892323
100891017
594186
100890472
578125
590912
100888165
585998
100888524
764318
584374
577204
585319
100890041
575965
100889425
594156
575944
581266
575447
583403
100892995
578977
577179
592824
753877
579231
105441355
584966
581604
764597
100889485
578904
587637
100890801
752684
574824
590409
752632
585204
577006
578029
576603
587802
584264
587396
100889886
579199
579411
587551
578270
593489
583254
579285
579286
586734
576563
581170
100890440
100893802
100889310
591822
581151
373197
586346
582913
581945
575187
585759
578467
577340
577502
581809
578083
588463
577037
593059
764218
585842
579894
592804
373538
757040
583678
578747
754170
584026
586413
580016
586688
593097
764357
752681
580384
591550
590426
575908
100893724
578150
583688
755056
754020
576243
585631
580559
100893361
593126
591081
590838
105445084
762552
100890550
580556
762984
592098
577817
588662
592114
589369
587659
100888346
752118
583705
580992
587653
105438405
592107
100890792
757182
593938
763037
579264
587976
587464
575213
585537
580986
583794
576034
592042
100891208
105445727
574680
105445997
584245
105442781
586062
576611
105447346
590088
105444770
585164
763423
580751
589904
593256
100891244
590751
586174
575935
587013
578205
589720
590567
105447194
762971
578356
583226
582971
594421
576252
100893294
593706
764814
581901
574673
100893667
100889530
753178
100891535
578386
588471
575432
577166
579737
100892450
574629
100888565
100893782
575154
585494
584178
576943
594062
577659
753456
105440370
100893604
590327
578334
594211
583426
587806
100890686
100891400
753366
585619
105438750
583046
588190
100891926
100893512
752566
585558
575288
100890631
577925
585743
586593
588899
585627
753295
754271
580116
586026
587628
588571
105441302
414294
577010
752260
579303
585915
105443903
100890948
755530
579228
100893485
100888892
585734
589981
762780
586025
593659
585784
2652715
105439059
582769
579716
757239
105440812
587766
105438765
100887877
754111
584566
580780
579190
754445
593221
579326
593241
582243
105444733
578228
105443374
577599
592075
590851
585032
581371
578258
373353
100889560
585260
756334
764925
752556
579079
589476
594794
591138
100889253
105439696
592828
592457
581537
586496
105443192
587463
100888835
583063
589493
105441800
576377
575373
576795
575956
591592
756027
583218
105436722
373481
578260
582821
592624
589610
753290
100893348
579067
582379
582926
762503
100889729
578208
585950
582290
373228
593202
577678
580006
582570
582111
592857
575323
584093
763417
753496
580011
579409
580868
590478
588904
577900
580373
764294
591740
592238
578858
378469
582639
574926
105446448
105439930
592151
590715
584450
756486
582619
592927
584416
583253
578875
593604
581539
100889555
579084
105436618
579025
753560
580808
592754
593140
593539
588756
105442838
593529
588508
580960
100887892
591846
757170
577835
584271
764259
579018
756406
589760
753622
100893415
575821
586180
592195
586192
100891732
100891430
581973
581402
589508
100891421
591612
589781
753333
100892223
582179
578115
580532
578030
578337
575558
100889536
105437119
581652
757267
588077
584929
100891806
574666
587829
753537
576342
764407
580863
100890399
593422
752322
594105
579418
100889221
578539
585574
575608
763789
100888817
592228
591622
594218
592434
752983
765083
105444698
580278
100888999
100891011
591077
582331
100889389
580390
582394
585447
100893013
577640
100890009
577995
585159
753724
579766
373331
591683
584662
587674
588044
100893102
764499
100893740
100889573
100891317
755584
763956
575175
592714
581717
590830
593807
105446855
574707
592111
580879
100888633
579482
588814
592550
582091
585053
582724
100893889
105440653
575532
591370
576055
752534
588665
100889473
590687
584426
105441126
764204
764665
586717
100892722
581363
105447255
763875
589416
582779
584584
580579
586332
587050
373471
755737
578471
100891212
373199
105440874
586731
584767
585882
578230
576780
577693
574971
105441320
105439830
754474
593535
576136
593982
100893930
586037
579604
587817
754244
755303
578507
576623
589472
373335
587338
594202
575642
594388
581284
579392
579108
592597
579973
582742
578181
582152
100891691
764996
765161
581095
577193
584551
585496
100890843
100891454
585626
584213
583728
590723
581699
582615
577205
105443475
576709
577488
580614
100893981
373418
581376
587840
105441685
592989
591190
590945
594782
587600
105444261
100893220
585646
579665
591674
752406
580949
752040
594068
575309
580474
588292
105444738
581413
753160
762762
754650
100888673
577224
585468
585100
763655
594614
580124
100889426
578700
581399
582250
105444978
754820
584220
580176
754452
754516
100891301
582740
583000
763165
580553
576359
578459
579733
576091
589099
589815
588281
585232
590177
585814
583170
752284
105441212
576275
593591
592467
578438
105441177
589536
581660
590165
100887889
587178
373332
584863
589555
593943
585963
100892783
580451
588383
583910
582861
575406
589147
579817
578821
582843
752085
577704
581386
753968
591321
590474
577759
594533
575977
578136
581098
591426
100887880
581071
100893549
763696
577534
592979
105436395
764565
589731
594147
587071
574827
575498
581346
100891944
589462
582857
584772
585886
583959
100888453
578817
586295
584189
589532
592823
757031
593595
581383
588073
585317
763964
100890147
100891211
100889794
591076
583434
576025
105444713
589496
580777
577493
753802
578511
590262
105440296
100893799
578332
579887
586198
105440011
100889219
105440843
593548
579924
100892312
593842
756678
753691
757237
591691
585122
752584
754693
583036
105438251
580260
586399
100889562
582659
594596
582198
581874
579905
752803
100892400
578768
583283
586739
586707
373404
100892646
100893351
580554
582343
577171
578473
575325
100888272
583890
592133
592065
752773
100892925
100891091
594288
579727
582463
589279
105436390
577701
582434
574892
589145
583587
576724
576142
100888280
584108
100892779
100892742
593710
578639
585876
584774
100889386
105445123
592922
763743
100891594
578960
754996
593646
580362
578571
582622
578100
591616
100890606
579933
590359
577399
582121
585265
754151
578715
594612
584099
100889173
100890418
764739
575500
586556
584793
589156
580915
577218
581162
105442630
100888019
586758
584413
584771
584679
579282
577068
373355
582532
756375
582377
585110
105439988
581605
373241
580410
763510
586246
763427
594559
584403
100889410
100891983
578093
593856
581208
577346
591770
592336
576399
105440161
575793
590856
581894
574639
105441383
587297
580075
589213
100890501
574566
592418
588600
100892105
100893410
582658
756605
100891344
593102
574856
577397
576985
594639
576503
586054
590196
754118
587000
592836
590729
100892305
589199
575537
587771
591109
586213
585449
763975
580012
753534
581937
584362
579112
373200
590663
589952
100888326
100893697
105439894
575748
105437692
100888621
576855
592006
581336
579900
591730
100894000
583679
582705
579523
582133
105445695
577335
578881
105443279
577801
100889016
586411
105438527
105444205
105441017
105443534
100887859
580608
100891679
588222
594185
100892811
586977
576378
591293
575346
583919
105442945
586785
592745
575846
577772
577260
587255
579864
100893489
593945
105447116
105439929
587526
105446077
373530
100892959
587488
576854
576401
591648
575663
100893052
588526
580653
577919
582381
100891509
585473
105443296
100888634
100888341
581229
581225
579091
587495
590185
588813
105436916
581330
575032
591668
577126
575990
584770
100887930
587261
763380
100890916
580280
589060
100893383
580072
587374
582978
100888433
592278
579546
586014
100893129
579728
587222
579761
763463
579715
582474
590948
100890826
591892
576373
100891572
105441472
594190
105446801
575770
100889240
105441912
575025
580204
580840
591591
756421
100891465
764148
579736
579719
579127
579128
756506
575199
592002
586464
100893267
591412
100891444
100888665
753286
100892600
100888242
593225
578870
753483
100893753
576048
584058
584760
100893535
577253
753090
577811
575644
579095
414054
105438674
580624
589805
581720
581644
100890710
577491
590823
756989
586750
588072
100889523
576062
583328
587240
589339
577822
755314
576813
586554
753851
588387
586452
587603
582321
593176
578006
588523
753340
583322
764891
590384
578726
593601
592658
586627
586005
582938
575060
587780
580272
583096
100891478
100891518
594261
755212
752535
577149
580422
105442844
757270
592875
588300
584008
100891185
577962
100893526
590498
588789
593693
579236
575803
576882
105439709
576394
586938
585381
587724
576096
592464
576022
589458
100890761
581136
592682
580522
100891440
764559
575604
578305
581960
585420
575442
591292
581416
575691
585674
576655
105440345
762546
764115
582789
591508
754366
580460
373398
373526
576173
591855
587539
582497
577497
100888822
579698
594649
105446242
100892537
589715
588193
577681
575001
581696
576520
589089
584345
580734
577290
100892664
593885
105445706
589451
592405
582165
578145
591452
590626
105436423
590836
591793
580023
100891506
576738
577899
577921
587479
579875
583990
752197
575241
580354
575488
592772
100893126
588656
581555
105437690
582979
580621
579961
575382
585059
594037
373468
575746
583944
100891045
100891912
583384
592899
580935
591276
589396
581337
105443215
580798
577575
575780
583266
764638
594464
578737
100889224
576066
754098
582864
100888465
577880
579853
754319
579664
578087
576431
576684
576449
100890256
586275
579509
752458
577389
576596
584693
580337
753827
764958
584986
575138
587274
100888225
105439507
584430
584205
576471
100891640
583090
581205
576335
592280
592904
578460
588702
594452
100891939
575920
579914
575285
581863
578005
586678
590120
588990
105444942
582683
577221
581757
579689
752926
105444690
100892718
578588
752982
582239
100889649
581769
100889432
589978
763316
574640
756958
575700
100889773
590809
574688
579975
592992
587322
585308
754687
100888112
580086
582748
579470
585457
100893168
373476
578025
574908
592680
579652
100888618
373238
592816
576713
763599
578370
762987
585774
100891958
586214
752683
575434
100890504
583367
593095
754367
577726
100891166
582249
590330
578392
752216
591400
591381
764656
100890022
753337
586285
752300
100891226
583699
577315
763155
752963
581961
580555
578026
590421
754004
105444635
756047
590765
576853
587533
583383
752797
100889828
755835
582296
593785
576867
592204
582109
578927
100888344
100892019
582771
582224
591391
100892270
105445838
581623
576498
591344
585491
586675
588517
585883
577619
590208
582833
593633
577099
577380
100888345
591467
589340
583034
583868
105446745
586390
593353
592161
577035
594195
590807
752443
105441837
594097
763564
589513
582025
100892567
100890864
100888744
582766
591069
579289
588119
580133
593150
577999
580648
588964
591422
581654
588920
589343
583612
594143
590195
581191
579362
762869
580275
100891431
588450
583493
589229
576476
592999
588071
100891947
580502
100889220
575216
581549
580083
590215
100890428
589006
576588
576972
583431
584408
580618
100890690
589721
105439490
100893739
100890677
578394
588186
586864
578589
594488
582125
592425
581977
591420
585417
582670
588102
589708
585665
100890161
578698
577190
763182
575851
574928
589211
578376
105439495
576117
105442577
753336
588667
593274
754171
100888310
592845
590822
105446607
763053
585169
579911
586772
100891474
589887
577369
591316
753011
583465
105440870
592985
592341
100892062
583377
576207
100889187
763168
594474
765052
764983
591067
581024
588583
575625
764939
581113
593001
587348
586409
756594
575133
583691
592659
582680
100893686
100891335
577362
575000
586661
105438665
100889901
579989
105438834
582330
591275
592406
755818
100892039
579467
574672
581919
105441766
373230
592945
100894039
583346
591217
105436954
577156
755114
575741
100888505
584496
577447
591569
575915
578491
373288
581252
583452
100893438
100888479
575127
100888033
577549
100889315
590203
584852
590949
754123
588545
583300
105445980
756563
580105
100888107
578954
577255
580077
588659
577250
581860
578542
587162
588851
593021
592528
579594
577398
582736
592664
373498
590488
100888867
756394
578423
763773
592570
100892136
593803
574793
585499
753975
100888758
756528
592225
586898
591132
593654
100888295
100888848
578304
592788
589600
587442
576267
373402
584891
586856
577019
752050
584335
100890358
756874
580246
583439
581509
581840
579322
575556
586206
575819
574864
105446307
580002
581524
592534
100888652
105437706
576459
105445269
764872
763406
576648
100890483
592061
582197
579015
583110
575991
764695
576851
582199
100891364
576341
588674
588253
576254
587697
755643
583779
593754
576777
587739
752367
576829
580525
586167
593883
581367
753736
100893953
100891182
100892331
105447183
580705
100889534
579227
575181
580394
577894
591581
592209
584440
575758
576802
763606
756125
593811
588356
764940
575692
577551
753866
579034
588488
583633
100892384
579721
574753
593365
100889568
584673
586665
593137
586433
100893195
100889665
764185
577281
756096
100888606
753187
584354
762422
757196
753172
752647
582830
591564
581859
100888050
593910
583309
100893890
591961
590733
587119
756332
580852
587704
579592
590980
580365
576951
100891536
575189
100892285
100891155
100893627
100890740
592282
581951
575271
764750
100889866
593670
105437418
764164
581867
591457
589426
586501
579868
100888082
100893541
100893885
590954
591302
580712
581989
577906
100887957
588704
590710
754922
373522
575786
592642
588308
580151
574995
575742
590971
585180
594000
581613
587315
754267
582369
590019
100894107
100889156
582874
105437211
578296
594453
587030
591240
586424
574719
105436689
592600
756465
763930
752643
579450
105437992
100893075
586867
590024
594692
100890791
576870
581034
576580
580971
574820
592262
591372
582849
583737
100889789
752951
582600
589376
592697
590972
105446534
100888462
100891932
105446167
594110
590935
591641
591895
575651
574852
100893598
589648
763576
588878
100892324
100893469
580274
584590
100888843
581001
100890692
589468
576455
581879
594830
588532
588017
576076
584669
753472
373236
587957
589782
584347
100892776
590002
588137
587820
574819
762444
584740
100893972
590789
100890993
591288
576798
574836
100891634
587367
592555
588372
587142
587333
763660
584088
763581
100889312
100890338
577525
590633
756224
100894067
579423
592620
586824
589799
577091
581745
100893596
579661
579946
580948
589395
576830
578694
575087
584511
576527
588172
584928
591154
579012
100888691
757247
100893493
575810
105443333
100889970
590624
583101
590198
593101
575195
580938
580335
591435
100893897
586574
591489
581379
100889424
584562
100891770
100891485
580704
590219
100891953
593371
581393
589579
100893901
752357
592193
100888206
577858
579993
105444150
576466
578567
100888021
100893133
105445937
575208
588393
100892720
593561
580494
100888798
100893036
575470
574877
100891266
589588
586835
586074
589354
592264
765036
592479
100888500
593010
763279
590201
100893899
576865
100891510
583588
575490
589064
574893
586937
580013
576833
579029
581083
105436748
575781
755220
581356
591477
580583
578623
592595
100891249
590648
753746
584675
100891136
576912
580462
586701
581828
582026
100888712
576979
754893
587672
590121
592380
105447389
587332
591139
586239
575015
756592
580929
591382
593048
589814
586629
575083
580530
577118
753918
578790
575835
582896
594074
105439161
577824
588739
578237
763303
578214
105438555
100891488
592787
574660
586142
587289
100889472
100888748
100890194
584969
574854
582776
581824
100889163
577943
586859
754814
577885
752896
100893600
584499
578890
756521
100889200
593041
373533
105446849
373525
590477
764716
590632
576814
752610
100888077
575557
588570
583159
583834
762945
373203
587077
100893503
100891413
583977
592342
580054
578841
105444465
590286
594418
592026
100887984
592652
105436455
575003
579753
587900
587361
591647
576371
752968
583093
577837
589136
576114
100891928
753135
754355
575922
100891841
574867
587921
576884
105443091
577956
587363
583860
105446133
752921
580131
577635
581579
581544
579906
588386
579149
753562
100890436
576166
105439088
576451
590148
579077
105446511
581567
100892454
592540
576708
581398
582362
100888150
590147
752784
578371
593727
592145
585399
594746
100892484
585239
578469
753539
585972
579513
100894035
581811
587924
100890897
586395
591737
580768
592454
577795
574691
593178
581365
575623
592806
590237
589254
587532
587557
579335
587456
100892047
591028
754928
593978
577294
589646
105439391
590921
105437431
584036
592160
587747
100889124
755950
586323
582904
100890252
756310
576172
575402
575368
586153
582927
582844
578724
585840
105436648
585855
105447545
585495
764326
574554
580189
373299
100892095
586004
579578
105438115
100889459
582841
577424
578749
100889608
582696
582203
575570
578859
408052
575577
762357
586259
100892284
100893945
591669
592354
581507
574986
589870
575192
589774
576753
576850
581434
579294
100889453
578962
580806
763774
579487
590076
593051
593726
756458
100893288
100892172
575020
575677
373489
594228
592381
100890824
100890745
753416
578357
583425
579479
373240
577667
762500
105436903
575263
585729
105438155
100893273
587412
752098
591416
588932
588349
574737
578074
100891343
100892108
576000
589638
586594
592046
588874
592246
585096
581939
580398
753202
578330
578720
592602
587640
764219
373245
578163
582278
581768
581920
100891911
582664
587885
585956
589977
589839
586494
576953
577370
577352
100892203
582346
100892025
579122
579072
592983
100890893
579042
589947
574873
755874
756684
100889480
588154
100893944
584467
577132
577810
100889325
584381
593676
373495
579220
100891797
582393
575303
576358
100889935
590241
752175
584279
576765
581625
592014
580419
764759
575157
588561
580021
756374
578043
593247
100892990
582647
587377
585583
590654
373201
587999
576385
100888036
582262
762621
587482
584658
100891406
100888397
100890575
589522
582648
591116
578561
592003
594176
588995
100889559
756518
578535
581054
581877
577413
755291
588762
574545
574588
100888981
578930
105440894
589652
100889551
587502
584728
754542
593167
593302
582924
578020
105443126
582858
594485
592455
763122
582208
589762
579138
575530
764519
756012
590798
100890429
100888087
100893443
100890288
579586
579506
583528
581663
753676
577747
592318
576810
752879
765108
577098
100889845
764711
575315
579229
579454
578767
764566
574704
581645
581326
583394
752215
587419
582962
582128
580927
583378
752626
100889633
100891579
585527
586178
753330
577256
586141
754943
754353
583677
100890867
100888845
755603
579605
582717
578536
754043
580372
755610
583323
100893209
583205
591968
576350
764301
593379
581721
100891632
583642
755644
581897
763923
585943
590655
593730
587950
105442841
592378
594560
575379
579948
581813
754163
755588
591670
589087
578222
100892637
100893030
585636
105437927
576625
590254
594130
585334
105446421
585919
580747
579456
585672
100888447
586463
105444346
589538
105437457
585288
763220
592784
583249
577628
579861
588651
593188
575572
100894028
585200
764276
591279
586516
583668
576679
100890278
575517
587700
577684
589053
576460
574815
373223
590003
589494
585686
594711
593271
575689
100890184
577009
575732
753409
594520
578564
587048
585633
100891823
765046
579182
752208
584300
592325
100892777
586249
580312
584561
583230
754234
100889053
592580
578480
105447493
574542
593854
581543
592314
584533
105440382
576033
591128
582559
105439318
752578
581512
753839
581546
752833
579870
574607
583459
583056
755682
755823
587576
591736
753513
756089
577187
588779
576129
593695
575010
575274
578541
105437247
594183
581153
585534
586201
584552
763224
585837
593733
588827
585711
584671
585517
585541
582367
592751
580974
590089
577778
586615
763955
579713
756342
593223
581730
577460
579347
589861
100893124
100890571
105441276
373210
591544
100891813
586250
592190
754041
100893711
583727
100890080
575960
100888218
582715
589630
577863
590415
591290
589172
593387
576711
579055
105447613
575021
105444279
575261
584294
583764
593295
590061
584371
594799
105443494
100889605
100890521
582652
586317
100892660
589842
577583
580071
594444
105438073
587630
105436399
586673
581022
753985
581837
100891000
576124
754346
100892488
581683
756887
593361
578627
580517
575398
105442758
752394
580773
575576
100892402
100892595
577392
763232
753087
763441
574891
100889048
577731
593908
591219
592619
579951
100893318
582604
754022
100889522
590568
587675
579779
764755
579144
581869
587186
591603
100889115
581842
587741
593599
100892079
579390
579832
591247
757331
585038
588550
577567
589487
577877
592219
576505
574796
577412
577161
587373
585229
754911
575266
587180
764878
581817
589701
593086
587014
577818
593843
579573
588765
585847
576253
753380
578215
589102
575139
574807
594646
100890101
589309
574871
100893824
579367
105445643
591704
580235
580866
753796
581892
586044
100888066
762797
575713
575638
583574
582424
577658
590245
592673
589843
589414
589657
575312
105438608
762998
574677
581980
580687
581756
100891746
578280
582421
582087
578917
584303
100892626
757284
576995
575236
587454
583826
100893377
763095
584902
582350
589445
577755
100891481
754917
100889596
578347
581674
577333
591702
576678
576348
589491
100889052
754418
765037
579643
764297
100888908
578363
752077
100891007
589737
589293
100891486
580484
584224
591755
100888460
580782
592909
585725
763239
579154
586407
756843
584448
579909
756379
581834
581220
576438
593104
575765
583138
577966
591150
762871
100888490
593873
757085
583915
577450
586140
575681
100892295
755300
592113
582340
752279
576130
753840
590350
584338
592290
576309
100893545
578923
591118
583065
589559
753986
575318
589968
582526
754421
764270
579223
584010
585532
583894
105443843
585283
755749
577246
576569
100890028
756585
594178
577866
586001
584014
763143
590047
586668
752420
578800
591258
764431
105439883
575600
590877
754873
579341
584718
591570
589433
575335
100889113
582531
577080
756237
756196
589012
580601
581183
585320
105439616
373531
591447
576906
594721
575272
100893788
594198
586642
580052
100892078
576452
579849
579684
593053
579162
579796
577047
589287
577046
593513
100891568
576447
574748
579752
591406
100892571
105443515
587145
579327
753554
755050
575072
581320
578243
577268
100892534
590469
100891347
578937
590651
593658
592421
754518
593011
583553
587512
576357
588810
577677
579372
582743
105444310
589501
100893038
590982
585678
583033
574758
578674
586158
100887937
578855
100888918
590522
592389
580289
586396
100891119
591949
752092
754268
100890190
756516
576339
584065
100888883
586101
754399
584579
581519
100890280
594411
576430
587580
578647
579507
580181
585342
583491
592878
579215
100889723
586437
583111
594755
576801
575478
577616
577033
585223
577209
575194
592776
585582
586660
575429
580905
575740
583562
100889683
586589
578361
752814
591448
752030
105437552
587262
582567
584987
763100
752659
100889191
754340
576782
575293
582112
757096
575497
579074
762407
592512
753440
105440154
594428
592432
586095
579016
105444365
583376
592086
100891736
100892604
105444744
581342
583942
591084
585465
763415
578717
590773
584382
592295
100894088
588672
581568
590420
578402
581182
577433
585238
583340
756919
100889994
593296
581288
752041
587633
584073
373433
577699
581164
100891218
594217
588695
583315
100889703
581667
105443508
589390
100892190
575562
590749
582585
587083
593254
105443657
587169
580516
592944
580472
575392
586535
582071
593435
754083
582884
100890051
592774
577909
578315
592285
578825
584262
753885
589263
583684
591074
752363
100888466
592777
105437380
584788
578188
100894138
578070
100890129
578528
594487
585374
100890274
585343
100888537
576785
576308
105436927
105444885
105439926
586184
754560
576799
100888391
592519
762976
586874
584034
594503
578630
585091
579600
588555
578813
589897
757199
588619
592034
100892249
587451
105437982
580650
582800
576553
764341
588654
579498
577477
577931
576366
593941
590721
574577
583623
574675
2652723
100144872
591555
591088
100892609
582022
753389
100893517
591571
100892368
583360
577584
580708
105437502
577573
587803
100889952
579799
576734
100892922
752507
100888014
577626
755639
590946
584931
592810
587325
100892825
587147
100891080
100893134
581957
590811
589757
590467
100892141
586953
576873
581269
587217
584198
763547
755232
757112
593762
100889839
585443
591917
585613
578234
575743
752355
576982
577602
590387
588042
373417
575210
592456
580266
578307
578806
100892076
579302
100889274
593404
586892
753450
585913
593338
582799
580976
373187
579153
591554
594504
756912
763503
753309
583566
581673
591340
588410
593191
100892187
585176
586108
578149
585805
582137
580926
583889
583535
579471
100888616
577327
589028
753446
100893926
764771
580136
757032
100890508
578784
575044
100892093
577969
577813
105442021
581921
583358
587211
100887916
576698
582478
755341
754459
580120
581257
755068
756975
590861
100893309
586547
100893968
373289
587664
586901
579284
576707
580542
100890202
583967
105440196
583333
589113
584749
577419
580673
590295
753198
575588
586351
586368
588769
100889487
593465
100888320
582352
584025
100893924
587782
593366
582470
579489
100893096
579782
100890115
763638
100893418
576108
574701
578405
585322
579637
591494
577341
100888985
578464
588701
580416
578474
582264
575529
581665
577320
576500
588095
589159
576304
591453
100891745
752389
764816
577702
578728
105437702
590282
105447242
584368
584001
579474
763325
763515
100889704
105438069
579776
578993
581431
576024
583478
100888121
100892267
754777
580346
579860
100891365
589687
581419
589951
591635
580376
100891557
579654
752958
574725
578131
762791
753036
105442135
579526
592583
577579
591399
100889400
583479
585557
105439376
578526
100889659
585040
100890638
100888314
581331
752939
764286
579837
580591
587305
575355
576674
105438693
753443
100889564
587715
578132
581319
575390
582852
577288
593032
105436398
593450
100892512
763319
589611
579483
100889672
575824
579576
578577
575438
580762
578457
593418
575959
585134
100892912
587068
585880
578080
593142
582476
764722
583762
764829
583472
100888236
588097
574567
590288
754527
764666
594823
583039
586089
575941
580175
594706
578099
755844
100890851
581380
105440789
575411
591177
585003
105443382
578886
578189
586618
593809
105446519
754104
579804
414744
582566
580710
577487
373320
576184
588405
100892405
754172
585085
587845
755030
588469
762923
581761
582318
578894
577597
578341
762863
592896
576779
577418
576609
593505
586803
585533
587987
578872
581230
594730
582731
574799
105436598
590722
578721
584816
581491
757253
594240
591306
589500
763851
576020
580569
591802
583583
580909
584196
593523
575613
100891755
577405
583032
575211
100891325
579636
585434
589248
580597
578468
577507
580079
100893845
105439658
100894141
762481
592932
591922
581490
105447033
583262
581429
373422
100893684
755760
100893205
581276
593924
105436429
100889364
581040
577217
590795
577449
100888923
578915
580903
590896
578888
100888728
590937
581771
580196
764715
580592
594177
100887952
576426
578824
593129
578311
592122
762577
579938
105438422
105438357
584645
582892
581814
578481
100888882
593217
574759
585736
581190
593919
105441833
575483
581723
591266
576677
578795
581125
574968
762700
100888221
589569
105440786
584046
578978
588843
105445314
105445410
592929
100888484
593243
755564
594486
592330
580815
582488
588063
589477
100889050
767501
586759
100890933
581741
594109
100893910
590355
582279
577338
594548
576831
591504
580480
589226
589175
589108
579400
585737
578645
589137
752818
587197
592468
100888559
594384
594523
592417
584589
591283
578092
373356
762388
589823
591079
593975
590413
584989
592291
580956
581462
100891819
100887922
578076
752836
580281
100893200
578739
576140
584519
755883
584418
576577
100888124
100888560
754092
590656
755102
100893731
763784
591043
100891399
753210
576892
582877
100889569
584769
589479
753247
592194
592476
105441718
100890820
578002
586131
100892060
756187
100893336
590272
577229
752971
752904
591903
592577
105443346
764515
583107
584550
592517
590679
100887874
100888797
588816
578143
752532
589504
100893293
582076
100890175
100888667
100893601
100891059
100890918
577996
580179
575509
590820
577443
588430
588336
578257
373276
100890709
589456
593857
590850
592385
105438148
764843
574684
100892337
576155
586072
581558
579979
576573
588646
590080
588467
577305
100888603
100891526
593200
764545
584922
105441920
584710
576084
588980
755091
574539
579984
583980
586511
578194
764239
589274
583503
577572
583301
763938
577378
763943
575998
100891696
579954
582558
577383
586497
753578
581784
578373
763605
100892413
585199
580476
579224
105447447
590551
577348
584214
589316
589368
575560
575733
587395
583954
574667
586135
583545
591199
762697
591879
589075
593568
575850
576368
100890453
105436902
589341
757339
100890554
100893242
583920
594521
579730
105440961
580111
591137
592552
582174
581204
587394
587594
373496
583885
576667
590682
594434
583657
582411
582170
100889395
588846
105437276
100891052
591243
100892892
587590
100893457
579100
576586
584028
581275
589141
105437973
764760
585336
764898
581041
764585
576106
585668
100893812
587420
753836
753693
579161
579642
757232
578422
100889646
591523
593793
592937
576270
583312
577415
105438871
100891078
576050
764807
585064
583951
586401
100894009
581847
100889892
594672
583305
583297
586279
577756
100893701
105440425
592876
589811
105446221
585892
592888
578959
579634
580769
587599
576418
585853
575153
373280
580515
105437910
577386
587492
587102
105439546
577202
590876
577869
100890668
105443327
579710
100890776
586417
579158
100891918
105441157
100893673
580408
578463
589683
753857
580767
581493
594676
100893568
105441684
586431
578219
580164
591443
585017
578116
582344
582005
588684
580526
591417
587156
594726
590371
581812
575016
100889626
581328
580498
578956
578745
588758
100888311
586236
577400
756856
594510
575246
584867
585629
592852
577070
577121
100888896
584524
100888203
580313
580919
583291
580188
752518
584999
583019
581185
584380
585860
100893093
577367
576257
593244
584307
581962
578763
105444824
593779
590762
105443362
594568
580352
575945
593057
575361
589142
587157
593963
100893224
585363
100891575
100893473
397069
588047
580279
576179
100893283
589267
100893761
577713
754338
583271
582060
579402
578599
752316
100891046
583420
578984
100892938
752042
586800
579434
100889189
581609
578742
575413
590502
577287
100891466
756415
588499
753068
587966
592451
579533
590747
587871
579925
586726
100893644
100890416
100892914
763378
100890060
589410
584564
586170
583550
576932
100892594
584715
100890222
579124
587057
579885
587003
585136
593522
100891792
575277
576978
592180
762658
589828
589974
579027
100892654
100891425
100891984
584318
589994
587592
594665
100893391
590742
100887832
763491
587196
589490
592234
756991
754752
593722
585051
100891628
575845
755047
578382
582372
592126
593012
100889889
100889543
575135
100890899
592882
764317
100888402
577170
763682
373243
100892842
583804
587471
587547
581622
100892733
755726
578120
580428
575200
576942
592279
593705
591329
100889010
590665
586291
753099
575101
100890059
763573
105444050
574708
590401
100891422
763202
576716
105437344
593235
100890026
582032
578021
576221
100893429
581282
100891893
755465
578424
594583
580795
100888951
578013
588679
100887903
588363
581388
591748
588054
585561
100893188
100891875
100893138
591009
575057
577645
754235
593718
578197
589444
590592
577750
592218
105446206
582538
100888685
594565
585578
591690
100889329
591595
591403
586897
584545
581930
590969
591462
588549
575739
105436386
764718
754278
578942
578110
589572
584813
584924
582923
100889179
592547
585848
587249
576010
580655
588394
586369
754534
105441443
576916
583289
763714
591947
755391
105442120
593273
578274
583788
585785
100890715
579633
579544
583073
105447310
575184
100887846
591774
576717
578349
100893938
575231
593736
582140
752702
100888910
100889857
100888804
589151
589568
588522
585839
105436842
585726
578114
581322
577438
581629
591657
588790
105444544
574569
576435
100887860
587447
589531
576446
574937
576676
763521
577002
591812
576361
100887942
100888253
752770
579772
764876
585817
578897
583554
586744
591593
584067
580453
586457
100891190
100892962
584913
753631
763247
583012
581324
578946
584359
583987
584092
583829
593035
586414
581003
586933
100892910
578799
764088
590395
584855
588418
584532
100889003
583847
580436
757118
100893840
588322
100888947
588852
105444035
100889429
578165
577639
589755
586684
588969
580315
578950
755522
576314
575648
592919
582819
582815
583934
574751
373305
579246
585781
580143
763089
582436
763602
100890227
100888427
576561
594675
583590
105438762
580069
594243
593017
763883
588004
100890040
584387
100889132
581755
592701
105445755
577365
576023
580374
591637
591971
586483
576732
592210
755401
586208
588712
582226
578559
584640
582038
588956
593236
577649
583324
580732
581115
580441
577521
582953
586359
582838
576089
580215
576157
574879
755431
581559
100893988
578262
754953
583081
576903
587918
100892487
100888250
590529
592191
584384
588601
590790
575462
105445701
580110
577029
753259
100893068
581218
105437873
105437259
100893167
577360
763450
762741
756664
100893285
580004
574702
576015
105438734
577354
580144
757261
100893562
594780
100888045
763210
580304
105437929
591753
756773
586539
587141
575675
587139
590341
574901
576376
587907
577498
580595
579226
100893263
590257
581347
578192
100892809
579141
588355
763676
100893616
577607
580457
577135
577613
586575
105438521
580005
575494
578549
105441719
574734
755623
763823
584681
586779
587011
590609
754026
752405
755633
753486
577617
584917
594819
574943
584197
589303
593454
574878
588152
575949
752864
100890961
764563
576637
576218
581159
580276
592337
581023
581428
764044
100888973
575615
756257
582890
593681
580685
582634
100889813
580635
590613
592592
580820
752638
754313
575230
105441825
100893531
576515
589247
578232
583151
591584
577414
579391
581049
756750
587422
577683
583204
588676
581807
590951
580620
577709
577510
105445142
577094
587808
756368
100888549
587120
764767
591980
579747
580619
591315
579495
586523
576113
588946
100892008
581778
583306
577313
588109
585813
585368
591684
594514
584932
579043
756828
592522
591112
578358
581152
587772
590324
579023
586550
100888350
593946
579511
584468
105436768
583428
584166
582353
592450
577303
582223
581259
105444027
581439
752989
587424
100890285
764228
580319
574738
756536
577991
575437
583735
575589
100892123
590622
578500
582217
752822
100890425
582784
576764
105439800
580733
581333
578251
593114
585046
100892098
582795
100893959
105440158
581737
100890155
579399
105441902
756091
584395
587130
100890263
578290
577515
763121
582428
100889332
582943
100891203
587649
578024
577710
100891808
764840
100891754
585505
578560
763344
105438264
594590
762994
581484
579551
756355
580331
579937
594653
578417
592155
579902
576529
757011
581565
578847
593900
100889092
586067
765159
576064
593687
100892277
100890439
581714
575902
100888300
579381
580379
590010
592872
100893490
591068
100892545
582643
753106
579069
591407
764210
100891173
578744
100889028
583206
590681
100888588
576486
579056
582335
575699
589697
578765
580208
575827
580933
586836
756941
585591
584775
580395
577662
574749
588991
577339
100890997
591779
590316
584895
578240
576766
754162
585997
589616
593702
582515
576526
753921
591425
586775
576922
591083
590854
100891500
593816
592132
579671
586508
105447263
100893661
583100
577819
583732
754420
105436622
100890351
578531
586057
588984
591155
100893881
590403
580349
105444154
579662
100891950
591373
591796
762920
592736
593023
574828
754634
579500
588755
590781
592196
580371
575759
100887935
578695
593381
586137
100888041
577330
588610
589360
100892369
100892343
105445367
100889370
579188
577137
753373
763081
585742
576665
583802
583469
583216
755928
100889160
100889254
752528
581772
575698
586784
589713
583471
586687
577430
585927
579706
581848
592474
592465
579475
583480
584846
577465
585829
592590
587886
105440841
581889
578419
577123
577210
100887909
575687
582636
100888808
763027
580288
574791
100893160
105445791
762514
585866
100888428
593832
577456
373183
575722
593089
105442498
578079
100889101
588685
585953
575712
587708
574945
593810
373208
105444085
105446653
581854
586415
105437543
100889735
756367
588196
575890
582701
752718
580360
582966
588760
105437616
100889025
100889298
373318
577531
589654
582590
587818
763497
589201
577805
586207
592150
580407
575095
588572
591103
105440856
574797
583222
591924
754486
578929
580102
100893245
105446241
590572
584870
100892334
100892241
581508
586909
582351
589723
574996
590313
580238
100893681
100889738
100891463
592712
105441310
576183
583839
578259
762820
576602
582261
574620
105438888
582313
579030
100888569
587567
576614
578398
576681
583075
576886
105440132
584075
581891
592997
592987
581581
577225
587804
764053
575201
583380
591745
593781
754050
575255
583044
100888823
100890087
100893240
100891502
100891864
100889995
579775
578938
578095
100894098
756877
100889821
579851
576167
581868
579349
583797
594473
579694
590817
588197
594103
592140
578833
753633
581846
592974
589934
576544
578479
592523
105443243
587243
585712
585988
586562
591262
585279
752900
589763
591902
581750
590306
582756
586626
582280
583702
591918
100887951
100893749
100889835
589551
100893775
591530
591878
591904
753963
373482
752586
584722
575371
581950
100890694
585158
754128
582238
105447108
576731
585815
100889850
100889209
584077
582949
577898
576456
574782
582153
754574
581974
581359
100889423
100891462
585800
579183
105444813
577665
581516
591813
588391
105444507
579939
593554
579683
585193
580764
100890407
100892686
576820
577796
574763
752810
592956
575075
579756
591446
582974
581770
100891069
100890911
579784
575396
373345
575660
100892059
404637
763313
752487
594618
100889415
578928
100890214
578649
575037
762870
588348
577552
582560
594113
105436720
580183
576259
584580
100888177
581460
752217
100889702
100147806
100893061
592079
753029
754774
575958
105445159
581097
585985
754002
105442488
763813
594381
586519
591389
586013
594098
583644
763298
752071
580068
100888885
583099
585248
579528
593143
592357
580065
584140
579969
105441106
575919
575657
105439689
580589
100889910
757280
586454
590813
105443360
586719
755253
588747
574869
577463
584509
574944
581918
576256
579318
580090
575419
579538
587041
100890473
105442314
593612
100891124
586432
593790
757216
100893986
100888903
586751
575423
764749
582939
577746
100892358
578892
578308
373248
574072
589009
585290
575813
581169
756522
582192
586172
100892656
580415
580966
586084
579763
582616
581387
585654
579319
576973
575022
588993
100891923
575694
594182
577060
588147
576990
755377
584339
589543
584780
579588
583074
583616
581167
100887960
574762
585425
576747
590931
100889956
105447430
100888204
579258
755086
585351
763669
100889686
577593
586102
590543
581473
578476
100889638
762389
100890832
586264
578324
589748
105446682
587307
100892868
756056
100888875
586053
579114
587288
105443506
577660
577476
581815
105438558
756723
592304
763426
100888527
576047
584076
100889027
577950
588053
752325
590684
594572
373520
585224
575443
591824
590422
588717
763527
764251
373182
591441
589619
584892
753209
575707
100890992
589923
105446514
585039
100888756
575938
589017
762633
584275
105438811
592799
100894008
583422
592537
754379
592424
105442576
588379
579288
578691
587948
105443841
594146
580534
105443547
586376
576502
576191
577786
756397
373309
100893906
579879
576981
578412
574910
591803
575583
589716
584154
763615
100893631
575125
583703
100891564
582814
575376
584469
579484
764485
587667
582406
100890073
588871
105446097
575110
576669
587550
753756
582285
577329
592643
589223
588645
593577
594501
577625
764855
593038
576960
583194
757189
100891061
589067
576968
100888669
587408
100893950
752743
580686
592395
575435
578365
100892209
592915
585573
579556
591001
582289
577891
586384
574744
590885
576427
587346
579598
765024
589338
588187
582286
586099
583646
580469
100893055
100888699
592966
588375
100888025
576989
579214
373419
100888354
594776
593587
594594
100888486
594258
574955
589233
100888257
586392
583182
753088
590496
105440883
590293
594490
590017
100889971
754828
581161
582914
576858
100890480
578478
585655
755943
100892257
590094
589849
585421
583221
100890162
574572
579934
589257
580832
581268
584118
580203
587794
105439891
575237
576198
579222
589264
585431
100891565
586105
589826
584818
582259
578527
594538
100890759
591339
591742
590297
754350
578345
576382
592274
754194
583825
587591
579852
580791
576054
755106
764246
592241
575182
593738
575313
584717
586488
100888323
100888222
582414
585047
105439915
594477
592445
590610
591072
590450
583913
100893859
100888650
578130
754354
584756
594552
586569
588195
588563
589107
100890727
576375
582015
105441495
587344
100888799
594187
584833
582863
593800
592825
100889540
588567
100892049
100890602
586308
576914
576643
583013
587528
587144
591534
589553
581227
105443015
577457
590441
575828
575286
578254
590305
585028
100890735
594475
592049
582493
577291
594232
753176
589164
576632
581134
763087
592427
373310
594026
590756
574952
105441354
585022
373521
763320
578835
581878
100893354
582545
586721
591055
585773
581936
100890545
100888421
100890302
752256
576775
589976
593349
580429
582811
756681
589170
578574
100889336
584881
100892953
581318
590018
585280
583015
100891652
579866
100892727
580345
582037
584520
578329
100890528
580851
755028
591747
589644
577231
580807
580617
373321
590618
100891561
753177
589605
100889837
588937
577280
588791
576148
579572
577555
100888624
578616
579660
592236
574860
589446
100893750
100888387
578276
373287
100893815
105445954
574826
583430
585509
105444533
591431
100894060
100893191
100889107
100890995
100890361
105444827
583153
763913
105446527
105446858
