100889257
548621
581885
593520
763759
582860
105446129
574589
763365
589120
578626
582206
105436405
585237
580504
588531
577656
583122
105441784
574553
580088
586173
591964
585092
583455
590178
105436437
578352
592716
100892685
105447117
593806
588942
579532
588345
582064
577892
580672
100893633
574685
584483
590744
588885
105447071
753235
581580
591474
578804
592320
585921
588740
593098
583617
588795
105444109
581500
755131
589195
584796
578762
586038
589571
577986
581078
585147
577855
579256
575643
587575
576671
574857
576107
584611
593605
577151
592971
100893477
575320
577534
579899
593232
578596
582540
579726
577790
754196
576276
579700
100889322
762415
577393
593797
589852
754815
580845
574069
373360
583086
581409
576400
763995
105443896
575946
586880
577336
591121
575215
583947
586685
575632
583201
582052
105437792
754102
587683
592091
583853
575755
586588
592267
575173
580307
579591
590987
594061
584236
582075
105443933
585553
585934
594091
100892795
373196
587705
373503
577928
581239
584481
590194
584171
580431
585643
583933
594544
589275
588166
105445964
584530
592207
575027
582523
756509
580617
100892046
586103
100893187
579831
754600
577044
575234
588945
586832
588660
590636
591498
752335
586174
588149
100889783
577145
577721
584206
579243
588897
578936
752925
592162
762428
105446114
100889350
593651
586283
574071
105441791
581649
582919
589505
575162
764971
585370
575063
575326
593812
577803
752190
581285
579195
594821
589835
765087
582163
586702
581408
582365
577322
577954
582487
587706
586348
580863
588700
100888499
590510
579218
105439544
586917
592339
591341
584151
579722
585976
578876
588858
105438529
590481
577198
582221
590476
576441
580426
594372
575334
100892475
586304
100893196
576830
584105
575737
588529
582138
594798
100889057
753175
584680
588782
752628
100893287
580300
585590
584962
588680
591943
587274
105440441
579361
589273
585152
577207
591189
585029
588093
580822
578253
575148
584940
581865
578525
100893855
586387
594397
576301
756649
100887836
593546
590387
575347
579994
588527
587044
576641
577249
579397
584784
592177
589785
764523
756550
593799
587536
574833
590942
100891280
100889803
105446729
753141
373300
584365
592585
587798
581706
590066
581222
582546
581576
763128
587822
576204
105440890
100893786
754268
575690
589881
105440270
589657
105440608
576369
576217
100888929
100888995
593348
589955
373275
575808
105437473
578811
579307
578410
752328
756760
579935
579562
591574
763814
585657
589393
578128
592324
105447591
754239
755486
578224
105438010
592205
587717
762563
577618
100890372
583944
590968
100892961
582049
582011
576835
580070
577631
575007
592620
580652
579451
576306
589317
752540
764101
373317
591826
586422
575617
762564
577642
578764
588773
754700
592435
583226
763457
575433
589856
591223
578227
591483
575088
589807
762594
756492
593943
589486
590657
590843
100892446
590638
577916
579892
755783
581463
591935
577847
574601
754955
592534
577884
100887851
581958
589984
580380
581552
105439633
763369
585300
575084
585301
575884
752367
100891460
591382
105446646
579986
588883
583558
578177
593426
576551
581781
578461
583499
580742
578451
578121
582628
593255
580666
756021
577317
588156
580674
105439767
100889464
579081
579374
580148
579931
583958
576414
580363
753658
585700
584071
578981
574636
586672
574844
582945
576795
586884
763265
577887
583103
100889589
579127
581650
582626
592785
580864
582810
753562
100888310
578715
578606
575126
579662
584905
590827
592232
754757
588428
579274
100892419
586597
581055
591599
575874
591178
100888048
577167
577959
762772
585593
764741
100888453
585387
100891017
755161
586736
757160
594681
591488
587854
592151
594782
591397
574964
105438224
576535
100891656
592633
578075
575094
586477
576032
589939
575953
585759
100889988
752472
582883
592365
587999
593876
575080
579607
592289
584825
576672
586502
578507
588284
581395
575816
592597
588183
583460
575609
584887
590365
105447534
579707
590195
581063
105444279
575289
100891683
588670
589888
586683
592851
752031
584753
593861
100888035
105442316
589321
585246
594769
100888496
586799
593134
575654
587143
588319
581926
753333
583423
578233
580325
105446046
576303
578820
578850
100890537
580670
100891641
580296
576762
100891149
579553
755067
593642
592912
577654
584778
583776
592927
576484
580091
763180
594286
105436421
581020
100888594
579107
583114
581019
580191
754252
752244
593302
588558
585683
576257
584276
763307
585201
576654
585095
594644
579026
581850
577900
755636
580439
581896
589717
594353
576864
100892466
592114
575159
588613
591808
580860
591054
587541
100888081
100892936
575747
584177
582211
587941
582219
579795
579665
580656
574927
585810
593693
587558
583082
754160
105444549
592058
581800
582046
588376
582621
583418
583713
588081
583862
373339
583959
581715
587749
577658
577738
578380
580001
577570
578934
577952
583345
753367
757335
577623
373388
588931
583514
576016
577165
580493
105439658
575622
592176
585375
583129
763830
580460
593509
588644
591929
575168
100889820
592743
583098
593069
576818
105439713
577666
592021
752047
582688
752505
575697
100889633
100888038
592372
755603
583396
579910
753497
591734
100888815
584281
574551
373192
587370
752151
100888941
754661
100888667
576712
575766
593760
582126
100892638
581875
581196
590067
577105
582615
591586
580689
100890186
583548
592923
584179
587199
100891272
585210
587391
754756
574783
585357
578700
579111
578584
587519
100893969
105443132
575893
577675
588415
578331
100890753
100888433
582320
576076
548620
576910
579534
585968
587368
578433
587908
100889419
592713
752563
579458
100893972
577518
591208
585216
585056
575762
753862
586963
582592
587414
592242
590444
591898
588854
588274
581716
579130
105441448
589408
592771
588252
581088
591350
763808
100888465
105445682
582398
591791
764193
577523
589022
585338
591831
756026
105447104
587461
764164
100889894
574895
592483
100889012
592856
754298
762632
592464
762984
764541
752435
575014
762678
589085
586176
580638
100891765
594281
585950
590220
577634
589080
576462
576696
576006
579073
100893874
593867
585407
589576
587071
762504
575873
589363
589475
577743
581305
100891594
584511
373469
100892362
591982
580195
100891868
582808
594641
579599
100893425
588988
105444027
581215
100892941
585574
585330
583203
578317
752889
548618
575132
105442630
583127
578782
105447520
752101
585850
581057
105442054
591843
752720
100888055
582713
585458
373267
593941
592269
582417
574687
575396
576727
576647
593174
579207
592668
765114
591865
583726
100889942
577017
577163
574918
373225
100892559
579410
583530
581201
752566
753231
587297
585086
763022
591872
754421
574740
589177
585438
591170
582779
579604
591601
583495
583337
589304
100890629
576137
577879
586582
577951
576823
589684
589720
580910
587779
578830
577815
100888683
592505
584369
594541
752213
594617
578723
100893147
593126
753889
575790
594743
579858
579751
587294
581634
587761
593611
580266
105440467
580173
100894042
591380
752469
587454
100890448
581030
577472
579530
576519
752632
764852
575187
593029
100892223
100887859
576440
105439359
100893009
763611
100892584
754306
754582
575793
373385
754241
757154
584500
587132
590165
587539
579199
589501
591159
105441620
100889149
579971
580618
105442064
100893013
577629
578260
100891742
105439894
763690
583525
575736
105446239
757077
576350
592801
576292
580673
587198
580220
590656
100893314
585060
589739
590611
575553
581583
578673
100893494
590056
592924
591232
586110
753393
576214
584839
576984
583069
583818
582090
591240
587958
589187
581596
100893188
585120
579766
754460
581035
100890259
584285
589025
590617
373418
100889553
756406
575178
593601
590170
100890349
588746
590723
591161
577020
587837
594315
580466
763904
589767
580257
583960
100888004
592602
753090
582861
592550
576797
588015
586606
575596
578731
590159
578348
591822
576751
585847
100890123
591321
763433
100889476
575071
100890044
581340
592405
588091
593744
756823
585570
579677
593229
576102
593554
762418
105439599
763510
575247
100891178
580078
584413
100890751
583162
575210
100891514
593654
588045
582089
583426
578017
587447
593755
581711
580646
579888
762971
577599
105446915
100888279
577627
586329
100891893
579220
577357
105441330
763304
100891016
576927
584017
575406
578029
579068
584364
579284
587479
586206
593222
585276
591575
576977
591448
575771
580751
757329
576200
756912
763743
581433
593811
753087
592592
583988
586977
574987
589947
588199
100890912
753939
576680
580196
579112
575365
100889835
582152
577217
587631
591499
577697
577635
753537
579126
582927
100894138
587430
586076
577005
752406
590530
580516
578747
581981
575934
580854
592477
100890288
754809
577787
593221
581381
764377
577593
100048986
585919
583301
756337
593523
754445
585927
575225
581286
105436386
586381
586593
575128
583564
580223
578771
587700
578823
587885
763443
588322
577545
583639
579674
579144
580662
100888271
589592
577326
586326
577702
100888771
577301
578225
583110
589870
586151
105441928
591582
100892350
577290
763009
581877
765117
583500
588204
583826
588512
585021
586372
588568
589009
592142
578438
576037
580074
100889224
582532
586878
588383
593673
581513
592952
100893383
753622
584496
579300
588505
577459
577009
582050
584262
588536
585628
578654
373230
576570
589021
580482
584221
100893207
582130
587593
578774
587314
588488
581311
580097
582612
588503
589392
586344
575846
574859
580322
577960
583563
580181
574660
588440
583163
591043
100889391
594000
763845
574858
105440843
592185
100889927
581568
100891858
587263
577128
591507
588981
591606
581449
105439791
578511
585678
754516
580204
588169
578310
574894
584690
591503
105439811
100889207
586154
586307
582445
575190
100894147
100888525
574613
581060
585866
100892807
590623
591146
100888152
589508
593500
580713
373200
100893724
100890540
583090
100889933
100893380
586571
584225
575378
590369
590107
100888336
579635
764870
592407
580522
584795
578712
105437474
580068
578367
577533
764065
753043
576136
763716
593910
583749
582477
753968
762953
755555
594236
755635
581033
762385
581274
584539
580779
764585
576786
584009
578214
373382
577995
584640
582822
576349
592281
591412
593484
578921
577502
581334
584191
584266
100891464
578989
105441177
591551
591205
105443655
581859
576371
577524
585886
594039
594737
757196
763537
581376
575960
591965
582829
582154
594469
100891910
578962
100893220
577505
764246
583024
105446187
100892898
589147
105447344
577863
575354
592667
593362
576086
579019
373309
591326
584203
752081
582938
100889791
754893
754579
592601
100892150
100889288
578920
586451
580027
588418
753400
585584
575157
575056
100892878
588659
763599
586424
577116
578155
593691
574821
590838
105438509
583181
584034
585244
583357
587884
580958
585532
582939
577255
590207
576449
580224
105441899
753256
581053
576433
582199
581721
578890
105442738
582679
576709
586246
753857
373488
582542
100893723
755000
582369
588294
575462
764696
100891918
105436868
100892394
586652
592395
576248
580100
591612
586769
100891267
576815
590105
762897
578211
100891160
100893276
591939
100893782
575472
764902
589721
373431
590125
592650
579506
577921
574880
588142
581289
591788
591899
579520
578093
584043
105440826
100891131
590215
582309
575659
373320
579654
585199
583320
582242
764720
373525
592369
587506
576643
592958
105447056
579629
590061
574759
105440916
580143
754996
580695
575098
577011
592674
588193
589474
590155
755573
574602
576178
574714
100888448
591288
587163
584917
100891690
588928
577625
100892817
100888082
582229
579609
585053
586645
752724
592378
754783
100891346
592784
578540
586871
590127
575999
592342
583967
100891933
590002
574851
575174
580945
579681
586686
762933
100888501
590069
105447255
576973
100889465
579407
578937
762952
580251
578816
587932
100890501
581807
577314
575477
577171
588706
100889703
765151
593882
576297
586589
100888204
579320
753743
586718
593143
763463
575507
100890169
577369
105441035
587803
579838
579235
587821
100889787
579727
582726
583718
577144
100888641
582354
100888892
579409
579215
581629
752305
580116
593114
100889352
577619
575510
577885
100890892
105447587
580766
590648
586618
592457
593769
577566
579523
576660
587455
579321
105443028
753534
592057
585842
581151
373512
586927
590626
575751
105436412
755393
764760
100889729
589731
578453
593983
583995
591688
575952
579469
100888374
583191
100888222
592509
580981
579382
100889794
105445554
584818
594128
581506
577363
581892
584477
583829
100891258
578787
763095
587419
579736
579964
576629
588932
586005
580528
589115
590445
105444733
763484
105437042
592910
581221
577129
105437691
587736
753783
105437211
756131
578658
579033
100889698
765037
582047
579188
763340
582250
587463
100889645
580458
753380
752098
582957
579071
764762
590216
582531
590598
100890359
581391
574716
580087
764683
585038
593243
586569
578337
590393
589211
587000
577708
100889683
594785
100894107
583107
580926
575207
576151
105442318
577852
580081
594063
587772
586875
577830
753057
585826
582854
582980
579742
581938
584954
100892543
576403
105437801
585832
594222
594357
579228
589458
590073
100892637
100889050
583272
754825
591167
575828
583929
579219
763294
589943
752405
581691
100889048
586115
757121
580881
591595
589708
588904
574650
100889912
100888165
586640
582198
585279
752732
581772
590089
752797
586271
756927
575623
585461
100888139
105443281
105437706
582718
575902
763347
754245
576648
590007
763450
100893938
100889259
574588
583865
100893060
583575
586192
100889395
592754
589568
590360
589551
577730
575560
575460
100891061
582554
583976
590807
584360
752896
577038
100893518
764958
100893261
576495
594379
575693
580991
100889091
584323
588288
100889445
100888531
581723
105438469
580164
589513
576368
584345
585100
577040
587412
590156
577132
577120
589713
575710
100892664
100888517
575138
593176
584312
577114
105444440
576455
100891485
575684
105445730
582964
594243
588356
105437346
590478
580883
100891278
587924
576199
581757
580902
579450
587373
589060
100891770
593599
582394
584943
582210
100888294
576854
577881
577924
579900
752818
105437220
575139
578259
583444
588867
100893526
575114
585363
100892960
579574
587557
100894124
592684
100891623
100893974
373211
586707
764645
577371
593988
581703
589619
582738
100891647
575524
576717
581727
578258
581228
100891218
105442508
100891486
753885
762407
589832
587846
590937
100892539
575773
752071
577281
587875
753736
581154
764088
590169
581815
579573
105446448
578138
590185
586164
100890552
582195
590120
592564
588913
592065
579905
578520
579774
588167
580016
579020
105446002
593477
577412
100891478
593481
764722
105438665
578243
582249
587495
589496
754943
585633
590938
752750
575432
100892519
100891928
757170
105439696
579955
580770
581503
762762
100888084
578055
581259
584092
575576
578928
373434
591302
582674
100893690
100888841
100892542
590740
591077
575819
587364
576181
100891557
576432
100888563
579012
591473
589934
579513
577667
584440
585404
578074
585298
575899
373348
585655
586472
585734
105437267
585225
593101
590472
578470
586345
593102
100888888
582020
588833
579509
583434
373335
587322
373242
577727
582391
100889318
579085
548622
105437215
580433
576668
581284
576820
581190
100893726
764790
576377
574793
579454
583676
100888500
585712
582112
592455
582896
576807
100891492
764716
585200
100889163
752471
100889127
100892988
752215
580966
582799
100890390
593168
591903
582593
575030
583913
764615
581537
752535
373313
590047
581874
589927
753554
752357
580221
589536
592155
583728
585635
578784
594014
582316
754512
752590
592381
586054
581255
589183
105445084
577673
763122
592937
100892337
763784
756528
587252
577103
100888391
577431
100891263
577722
585909
586415
585431
105444446
105437929
586023
590490
575500
587652
756664
100891212
578394
586513
575436
100888783
100889389
578695
592875
582038
575192
577772
577351
579067
587528
582924
584659
580019
580876
589716
591581
100888010
373401
585797
578597
581540
594696
100893490
593690
591506
762939
594523
590496
584108
580904
105438467
765169
100887954
593982
576311
105438545
752982
100888805
576972
582743
763423
588618
579043
574758
587687
100890790
100889821
585275
589199
577362
105438765
580475
576253
579162
586184
591812
100892097
590671
584498
591132
105442492
100890356
764103
105446801
583705
583283
584717
373241
100892326
764357
579087
100889710
100889243
581903
585757
591837
583048
581049
591704
588382
580339
581164
580868
763248
751845
586284
578228
589476
593659
753147
581168
578867
589531
574946
578904
100889031
100891397
100888973
584675
577417
100891518
578625
581980
753159
587439
754434
100890294
100892136
588722
403119
582139
105438075
589757
762575
588014
591096
591735
756348
575015
754549
105444885
584251
592449
581644
581413
586014
582950
582683
576799
575921
100891447
105445687
584491
753187
589961
753483
575712
590809
575764
105446350
582979
583199
579832
575611
578071
586594
577286
577693
586141
578794
576430
594231
592578
577728
764204
587806
593582
579135
105447413
587120
373373
582836
574807
579291
575416
585551
585801
577732
583754
100888218
575203
100893059
580079
755970
100889970
582585
762775
580453
592133
593316
583468
578567
581160
580949
100890951
592113
590747
592857
589848
576205
100891163
580808
594037
100889034
578341
590262
762518
582659
581548
757055
105440848
100888087
373489
581398
578917
582280
100888170
576711
584197
577655
590254
752118
591435
579958
577415
584006
591534
587966
587442
579234
592145
584715
588851
587332
585718
594794
574863
576005
100890099
762801
105445727
585963
105444660
583750
100893341
756222
100890097
587361
575935
100892626
593188
755530
100887935
587448
100893290
577837
582096
591730
580746
105444813
585743
100890022
752773
581718
105438405
590057
585592
762470
588938
757133
754355
575277
575438
590121
589089
581986
584519
100890504
577982
764239
580971
755388
589347
592810
100890122
583493
100889254
105445410
105436424
586275
594422
591777
578545
100889315
100891819
575230
373409
592577
100891249
584529
586626
100892725
574751
580798
583253
585768
105440487
754043
586825
577479
584895
578838
584422
592278
105447398
583699
590196
578034
575944
591196
594428
105439734
105447242
588134
584340
581041
579471
100893361
575290
581769
105440703
582981
574897
581522
589652
576564
548616
593723
580629
100888419
578630
584993
583925
764803
584520
100892325
576707
586137
100891579
589164
586044
589719
580214
757267
578045
754725
592755
100889829
590006
100888794
588349
589622
757085
100891603
100893539
588355
593736
105442576
100891675
583465
100890558
100888473
584669
581904
580806
105442844
582265
100891244
583656
580332
575195
593963
581618
105439410
575361
580280
581558
583484
594706
588789
590522
579482
587600
589064
594407
587348
585613
105447116
577808
587831
100892015
753867
590604
575758
584718
579689
576401
589376
575478
584062
100891343
582367
593496
583464
756096
591523
105437616
592472
586170
589416
586411
577237
578404
756989
592015
105440874
100889625
753539
581452
373229
579546
100889523
754315
586750
100893654
590177
100890338
754729
575236
592941
756604
593589
575742
577611
589462
592434
580935
105438145
585003
583658
578872
574815
594252
105436725
588600
763168
591809
589340
584300
576708
100887849
755314
579310
577098
584989
755450
579559
590977
581863
589451
105439809
581816
373276
583067
373364
589286
580229
100890575
578168
589763
754922
581061
100893689
575266
100889025
577166
100891155
100893661
585806
587864
100893510
581225
583737
753827
577767
105437658
586784
105442466
754170
764308
578006
105441547
580365
100893443
100888025
588702
575770
575875
590447
105441212
578873
580359
581399
592006
582600
753616
579605
578089
594527
581456
756091
587392
579229
100890088
756858
763308
586158
575431
579673
100890694
577699
592003
105436944
575681
587853
576159
579796
574998
594418
576932
753416
584729
581878
594178
593726
593296
587492
590586
576855
762700
100890801
594288
580541
582165
594323
100891912
755755
584891
575822
582962
583391
756255
754650
755119
100892544
592972
582026
578674
587726
587346
100892257
574719
583642
584338
763464
579345
100888334
583809
586576
575813
588676
575732
578790
587591
586575
100890686
582526
100893429
579392
593633
581224
584902
581443
763975
579349
100892047
576450
105438942
583096
577419
100888033
576939
581535
100892369
581855
100892722
100888150
575335
587145
753160
100890512
753230
585417
373468
100891422
579041
548617
591069
763232
100891322
764940
593604
577701
581211
764711
580515
584740
584058
590183
588696
592583
100893206
575537
581573
577068
581264
579460
579721
588140
587243
575700
588827
755291
591544
584505
574750
373368
593904
763805
577416
579752
578541
105441563
579365
590856
582434
755215
581674
105445467
592304
100892654
588475
763427
577906
100888257
577339
591381
579894
587883
580036
580176
581814
578460
580451
575317
100887909
593041
575549
579389
100893644
579511
575850
763758
105446121
594584
579848
574926
105441718
591874
579924
582042
752216
575199
752643
580047
593709
764148
585421
575781
373219
100890852
585336
580358
591879
591426
574867
589308
100894091
100890824
576716
100890484
576766
587978
577491
100890581
100890227
591073
577652
591510
100888632
755959
586892
592590
756310
578636
575452
580352
373183
578676
581762
581763
579644
578546
373531
586908
580373
591068
754527
586037
586774
580546
762871
585077
577575
586554
576734
577549
574788
580246
589178
576574
100890904
753456
576561
578311
575293
593033
579414
579037
752085
100891347
581024
589354
100893850
588438
594503
100891167
584583
576418
586370
105446849
105438324
587102
587068
752951
581405
585727
587011
581288
757031
581367
580525
764641
575642
105445164
100891953
593705
593063
576577
100889891
414744
588561
587933
577260
762371
576978
756355
575181
100889473
589748
763133
100891189
581180
590822
753036
580355
585239
100891692
100888362
594232
582287
580583
100890130
100891045
590749
105436396
576920
594035
100888302
581954
577596
577880
584064
592479
578750
593371
590384
592760
593587
594557
105439764
579951
585544
589646
105445300
757182
589159
575197
591315
589543
100893085
585457
753734
581523
593223
578334
592570
753190
589456
100890425
579084
576928
580608
585698
594179
587333
100889670
763063
105437692
575087
583535
581204
754486
100890267
576658
763714
100888047
756421
105444150
582852
754104
588042
591421
579332
587548
578130
589303
753829
100892694
105445436
764361
100889735
593440
580408
592385
587445
583100
584702
752683
100888050
752626
587493
575355
587667
590208
580010
576894
752227
578479
586494
576983
100893889
581257
583577
762640
582999
756005
585320
578533
751833
105436399
100889069
576015
584629
582647
575735
592031
584728
579857
593625
764317
100889559
763820
587338
105439634
590902
578898
100891564
373332
578474
580974
752684
592193
579302
585558
584339
591529
754353
586938
587907
580627
586215
764431
591802
373354
591790
765036
588285
590756
578680
574864
100892531
100889027
577425
576780
575379
587003
579817
578402
593513
588585
594242
100888787
593548
590529
581979
578330
576070
589828
100893240
592658
105439059
582334
100893139
581342
588071
378469
100887871
576757
586201
765072
100891679
585636
754030
579174
575241
580962
100887942
576872
588860
578619
576394
592629
575637
100889375
576263
576270
577473
576667
576010
579342
753172
584816
579992
574929
105442945
373417
574673
762820
578005
100891372
589578
575504
100894010
585914
100892450
100888346
583805
373186
579222
588814
590921
583420
592626
579187
584921
581656
105443035
581006
105439471
583333
578361
591399
575488
586142
580384
577335
589781
754828
582658
578115
593137
574724
594564
591550
585533
591794
588038
586431
576569
578387
580565
587222
590989
580655
100893415
100888618
574574
590045
586824
578892
578888
582289
100888799
100888124
581710
591618
100890677
577780
583138
580592
753446
586678
576456
580849
587178
763053
579264
100890302
578143
586939
576144
583081
590729
587820
589816
574554
592143
579886
105443181
105443374
580732
592780
593803
576533
100892166
581493
586279
757273
100888019
592218
583099
592997
578308
579421
588187
579975
588645
754208
764829
580015
594109
575532
105445269
587794
576686
576166
764176
575748
753105
754162
105440161
762758
105436443
763355
756594
105438073
105439906
763395
580379
575435
579538
594043
589553
763851
591072
581846
588190
105439655
585374
577681
763773
590715
581430
591570
586543
574753
578471
763956
100892270
584475
578821
105443508
587374
578013
592264
100889530
373419
100890634
575037
100888882
105445838
594488
584503
583942
583044
100893148
586051
583471
580703
582953
593778
590823
578295
582724
756394
100888250
755326
588470
591120
100888341
579912
592664
588379
587817
589338
752208
373269
590982
575989
575133
583230
580961
579074
593235
590109
578930
373331
100890231
100891509
589102
586862
583762
586375
589309
579158
576229
755731
576563
576472
588152
100893365
373462
582884
100890421
575336
593577
100891729
100893279
100893205
575392
581159
581330
100890033
584075
587363
100889480
590371
579294
575976
100893509
752061
754873
581678
594177
754267
753486
588467
105437783
588570
578145
592878
755162
408052
593535
583227
580288
580319
586409
586264
752702
581229
580992
580866
594679
105444544
594596
100892692
373234
763067
764122
578976
589479
581266
583646
587688
591603
587670
100892305
582830
591571
100893775
586056
581166
105445067
592260
580610
586213
100893457
576118
105446307
575908
100887937
584154
105440823
576256
592581
100891888
581973
581167
105437011
589468
105436651
763165
100892397
593008
583358
580898
585744
105440006
752803
764840
753735
582286
100889483
578197
577225
100892811
100892312
593425
100890858
578459
755303
576765
589762
581823
757118
581428
577182
586229
105438734
105437141
584380
579989
585876
577210
100893698
105446221
577567
763247
100889418
587759
585883
575600
100891691
100893915
579456
755737
100889590
580222
593035
578275
577690
594487
105441157
575238
576091
588497
577118
754820
581930
580928
588898
578795
585741
583375
100888440
752111
100893562
105447263
577610
105447493
100893124
100144872
582486
581951
581169
754518
577149
582329
577449
588878
593779
575429
100889910
591417
105445519
591416
589433
100891911
579474
755950
100889399
578462
105444978
582776
578345
592507
591895
592904
577989
593133
588195
575474
100894008
588450
575949
100888952
373318
579034
100893535
591592
100891440
590209
752030
574645
581001
579652
575663
587286
100888947
578209
584398
577370
764656
590094
584406
577746
578587
752414
580315
586604
577670
751843
578081
752518
575411
105446534
580777
588197
756739
762545
765052
576314
579773
587791
577854
590795
593150
373422
105446450
105440154
100888750
577733
588222
591477
586236
577626
582121
581170
581622
578858
580416
590142
593627
373299
576669
100891640
100888402
587948
582489
586346
105438811
575593
589368
754098
763813
592720
592279
574665
100893811
752342
593023
575754
578543
588308
755206
577080
577841
757237
581052
100890592
100893924
586717
100887832
575956
105440653
589826
580071
757232
753088
763121
583936
589993
588072
579055
575182
587261
756975
583760
755047
105441833
590551
584046
594240
588806
577698
100889410
100893950
580804
580620
581319
100889278
378944
580357
764219
574975
578336
577583
594730
585136
576509
578454
588969
577525
580263
100890076
753366
100891587
105441443
575177
577190
578347
579347
586407
100888051
587653
100892105
763964
754396
592591
100893463
100893308
583000
588766
100888427
100889925
577218
100887998
577039
762741
591648
100891317
579579
100888944
583910
105437543
579979
578050
756224
764515
576183
105440584
100890503
579879
592104
591115
100893096
594205
756125
764718
100891731
575915
588692
105443091
588966
579050
100888565
577889
581681
576024
587350
100891166
753836
579079
581282
578949
105441685
575382
584538
105436748
578226
754917
576865
587099
100889608
584362
577484
594382
576375
584001
591637
592367
576698
105443346
591003
590651
585340
589417
762514
100891108
105444635
578189
575779
584008
583324
100888524
105446084
100893615
591968
763212
590421
764807
581478
755197
592983
587599
594742
585047
590531
100891736
576064
579399
590198
754570
100892567
105444261
579225
100891011
105436586
752322
100887864
754953
752034
754474
100889543
594139
588405
586940
585715
580938
585046
105436598
579282
589644
100890222
581447
575579
583503
582414
577925
580462
753210
575021
105445695
100892368
591243
584671
588843
579042
584273
100891182
579973
579954
576170
580337
579993
585332
593379
757282
590859
763886
580579
582619
100889429
583583
583431
593558
577029
581623
105442135
582428
576431
754111
584123
100893493
581062
584228
594214
762621
756350
585785
100888702
588704
589630
100890776
580312
583063
578913
752828
100893138
580685
578832
581128
593274
577360
582259
764695
578813
587473
373519
589569
581960
100888588
100891792
584524
100888021
575434
575211
100890439
590728
588899
753607
581546
575824
583252
752988
591772
580136
591372
583641
105446682
586867
589810
594807
590413
581689
592062
764566
755835
586368
574937
582155
100890407
583377
578329
100889752
580634
591489
591555
762872
100892019
589233
575175
590707
586844
578280
584408
577213
752077
594665
592420
587281
578527
580710
404637
762881
588095
100891136
579223
582857
587121
576981
764210
581191
578952
579180
591770
579348
764318
582766
574679
593435
581136
754244
584416
105445791
592098
579678
105441383
580852
594823
588964
575977
586505
580635
580281
762398
578087
592852
586497
100888568
583056
575759
373236
100890899
594552
577811
588178
574828
579712
585837
584562
584551
579214
581230
762863
373273
582111
581363
594692
762945
579322
588836
579479
587709
752337
582364
593722
105444372
100890473
582239
574891
100891944
373226
577384
583644
577433
100892758
100893981
100889952
579645
588303
580002
756089
594183
575325
586726
752836
584585
580362
105438270
105439161
753409
764771
579367
577660
591584
578724
764563
753135
590257
755943
100891563
581847
592295
585028
764069
594443
582991
587169
594038
588747
592777
574704
574542
100888200
587188
574850
757280
755600
589904
583262
577476
582570
583360
588763
591796
577616
579934
105442543
577919
576157
753631
575508
577726
585159
764565
591669
100890056
575022
580065
579354
593366
583489
583794
574877
582840
590583
574629
594283
2652718
582731
100888753
579510
583934
575877
577465
589360
589155
579902
105442548
574893
592652
579484
585646
373316
576130
593059
581098
105443475
100892062
590502
581919
100891510
589444
575313
586958
579990
578639
582084
105439891
763100
373420
592140
100888472
582497
589782
577327
585665
756946
578950
587550
100888822
582153
100888694
752197
589142
100892061
587288
582406
579100
576785
583748
404196
584425
100890190
584760
582843
575517
594520
591118
588956
752971
100889659
594590
579651
585455
593361
105437843
754814
581549
105447545
579656
590288
581645
754986
584892
592152
576357
578386
577898
593254
585434
100890453
582197
578422
586471
373240
576084
584499
105438610
582470
583137
578800
578181
576062
584403
590017
582719
100890978
100889646
583872
582296
591641
578221
580614
592929
764228
592215
576055
575687
586668
574995
763619
590497
587840
585726
589264
575419
591028
583587
582874
582923
581770
579123
2652720
763660
586677
593717
578645
574827
580948
105443841
586909
585346
575835
586758
587367
763319
100890550
105444211
594444
578672
100888560
583790
580238
578324
580066
580011
100892611
100893701
588553
580345
594559
576713
753062
575373
753209
594594
585689
579485
100889426
105437805
577156
100888559
592806
581293
580407
587394
592823
590789
592262
578894
575530
582485
593365
593658
105439507
756486
575490
584142
592468
105444690
585138
590327
100891012
100889068
580335
576685
592241
591316
592417
752958
577630
586924
591682
100888839
591670
578031
579643
581393
588060
100889649
577868
583318
577531
100893318
586833
592161
589307
583797
582864
579423
581517
579165
593273
578841
581429
593178
373288
764194
587886
584026
100888685
576280
105443360
100888223
576724
583074
100888225
592132
576446
577205
755087
591055
586240
584446
577783
100891567
574708
575213
574811
574971
575268
581813
587947
591923
755668
583732
756563
588646
579190
580278
576619
588499
574962
578833
100889307
752528
594612
575876
763527
100890571
589426
582513
588375
575323
591262
588571
593850
580619
590896
587255
582202
581512
591166
588410
581113
588253
590663
587739
592034
582616
100888691
105441473
105446511
756605
581601
590305
574667
593733
588838
585398
100891929
594565
763923
100891502
100892809
584566
578043
100893612
584095
586858
105438301
579507
764715
756196
105441684
588151
579500
591290
100891754
576030
100893824
755377
593656
105438133
576460
592238
592346
100893438
577288
575442
577927
583545
105437982
100889238
100893410
579966
764757
576800
100893242
587532
754209
578874
753340
583550
577933
589116
100890264
578251
756047
578069
753216
592804
579551
583941
587976
574675
100893503
100891652
582262
578721
594504
578105
593057
753247
373526
580704
105437457
753440
583894
587590
576942
587777
578923
586043
105440812
100888883
100889859
577091
589490
579246
576434
578114
583524
588026
100887960
592234
582411
582372
764750
100893093
580747
584509
577315
105443279
574539
590681
577320
581773
587240
582943
105446299
752833
574968
762976
763202
593522
100888575
100889113
579077
592876
100890040
100889242
587818
584901
752332
592693
574853
585781
754213
578954
581093
587814
590469
583405
100889471
593766
579436
579183
754271
579906
577653
575285
100888625
584304
576532
575699
594776
591940
763682
576853
100891344
588374
105437641
593191
100889101
100889003
584561
584542
581811
581375
578518
105443982
100888679
590019
100888159
591878
575216
574854
754687
575309
100890175
586069
373289
578467
592836
580484
575274
588508
581104
586868
752237
586511
576399
105447505
590191
576979
588593
574725
578463
575892
579286
756375
100889052
100894146
592291
576367
582321
752822
577709
576798
100890683
590474
584550
575263
586010
764665
584806
583254
100891500
582224
100893866
105437119
100890816
100889190
583834
583101
580075
579391
584165
590395
591971
105445997
579490
580856
589420
100890715
585107
585578
582032
105441719
580346
591276
105441912
592988
763224
100891526
589977
756257
753176
579885
373182
586454
575529
585535
105438988
105441902
593866
585232
588532
575990
585956
590954
100891808
105442781
579001
574952
577442
586488
585972
763406
105440096
100892480
589493
105446421
586140
2652724
588044
752260
580004
576113
577617
584076
576733
581957
584749
578599
587471
580734
576553
590836
589849
100893273
584774
753975
579799
579763
581333
105444770
590403
100891746
100888421
763303
578290
575200
588685
583196
100890670
577778
579262
580927
590684
753029
105445832
592600
755644
100888665
590852
577345
588654
373404
594186
580206
592979
589388
590500
579600
594614
592788
576020
100892221
588264
100889956
578370
585573
581579
100890933
100889240
100888258
105438114
582436
100893202
105439616
581613
100890521
100888885
754026
575998
105439409
576985
755874
574569
575127
579694
581509
583323
587946
582346
575691
105438155
588846
753290
591524
100890602
105439308
575032
586688
100890184
100893673
586483
580117
764213
588686
100888552
592222
100889016
757180
586291
589616
591988
584924
578825
100891907
578564
100889386
581074
105440841
100890761
100893055
576655
580086
583679
100891565
577902
582474
589724
764499
576198
100889857
576259
100891425
100891226
579671
100892402
756941
584036
575246
576339
594799
100890080
594261
581519
582877
586084
585229
756592
581848
100888919
578165
593454
585860
592049
579505
590018
594726
764814
105438558
753719
578158
100893346
587289
581950
582278
757003
753330
588980
100891000
585711
578079
591593
100890480
752279
581490
100892842
583510
583703
100888285
576943
581267
586452
585371
579462
105444691
585260
586178
100893799
593012
587395
752997
581434
588281
762446
585122
752879
373215
584812
100888606
100894029
763182
582261
585932
765108
592640
583058
754171
763960
578150
586687
586523
100888066
587839
581539
587659
756465
587014
583094
577969
576922
576486
575698
587741
100893469
100887951
754634
578344
593121
591154
764218
590147
582137
580102
100893456
592170
576656
575851
591807
574797
764373
585495
100892093
100888233
105437848
576796
578371
752411
105439468
584264
762998
581745
581086
588807
593993
584099
575083
581945
591293
100889995
579853
582025
764826
100891939
100889536
105436722
578110
762920
578169
592411
588186
575346
587502
589226
582443
589396
579495
581386
105440894
585872
582076
574856
591201
587097
752784
763279
593489
590854
593595
586547
100889485
100889046
592086
585288
593295
583717
100888817
576851
584793
592492
581565
592598
755232
592194
583315
2652723
592965
584986
588109
576033
584367
588721
756958
100890351
593247
591530
589419
575299
586731
754752
105440046
754637
583480
764466
578539
100887874
582421
575312
587527
589017
578397
756336
592406
578270
100889156
585238
105444892
577786
100892203
589170
100889329
594490
589723
589799
577507
585805
582821
576982
588172
582243
578254
589248
579939
591370
579280
590249
583764
753802
590633
592210
752343
583860
100888397
588119
100893930
594618
105436423
100892226
100892285
105444168
764368
100891466
763316
586250
576764
590093
373496
100892239
588760
591508
100893512
105438871
576676
100888797
757032
587377
754443
591917
587211
582463
579911
586135
582978
583668
576841
591674
589107
583491
100892472
582966
589500
578095
755749
105440883
100887936
582377
105438357
575281
757057
587891
754972
577999
586560
592966
593727
100889770
100893168
100887846
105437247
581087
584952
105445128
575959
583289
105436844
588539
580624
576191
581604
575350
100890002
580542
754123
577148
586818
582567
373223
578977
756334
585010
577094
591001
579594
105447346
754911
579030
594587
590343
592523
585737
582178
105441400
581326
580957
105445437
2652715
579716
586057
105445542
577333
100893288
414055
576906
100893739
589887
588555
577102
755391
580943
587715
100888699
578247
577628
575890
594486
105445701
590543
589814
574996
105441800
592596
581524
581508
588769
752490
762923
754128
580113
763955
752534
100894040
764185
575075
586108
582715
587845
579576
577200
764872
100892925
581359
100887922
585855
580105
586859
764939
575638
580960
589987
105436763
105443009
593924
591564
580509
576611
100893370
752094
100888669
582811
584245
578875
579438
575786
580006
575620
581809
592882
754151
763582
588017
584564
100891869
105440455
574878
578208
100888236
585943
578627
592391
576738
586039
577082
100888712
763602
576048
586661
580919
548625
575318
591657
100889432
589477
577352
752420
100891301
105439756
100889738
582890
589316
579633
588157
584368
100893442
100888537
585453
582892
579487
100893285
575803
764767
753756
593465
578315
592850
582177
587664
582290
582740
591079
580085
585742
100891266
100891874
590931
100888650
100893812
580650
575143
764326
578149
576435
581325
589800
576688
589928
100889203
584662
586701
373307
583159
593710
588572
100888756
100894141
582314
574861
592985
591922
594652
100889971
580474
100888903
582949
100888203
574824
575922
583046
100894030
582350
581339
578593
582285
583302
580151
578951
592738
579740
591139
582235
594452
585815
577713
591328
588651
589087
105441106
581673
580708
393083
593591
588517
591306
583716
592126
579277
574901
592292
590003
100891078
100890440
580956
105443192
590080
764898
100888457
105437702
100893476
580419
579419
589701
580502
577683
105439311
593256
575170
593353
100891875
591446
583678
575557
590498
583684
574732
583459
105439342
591283
100892964
588765
589574
577222
581989
594026
591846
105443215
763027
373246
576503
754022
578240
100892749
584441
592828
582379
592619
752718
755106
373538
100893901
100890028
100893681
580764
590441
576034
589952
373310
580909
577572
587408
594560
100889340
755730
578237
584118
100887984
105446745
585085
764115
754194
373206
579386
576760
575375
753472
105437132
587925
592474
587995
100893926
754319
589434
590420
593919
100889626
577397
594474
587900
579489
584780
580076
581761
763789
754118
762422
575589
755229
764485
754346
576513
578763
591247
582343
581322
753337
584073
592745
584987
575016
105436520
581269
579422
590341
586525
755967
582060
764259
105446167
579025
576458
574577
586053
582005
575746
584275
100892656
577170
581876
586744
578803
578535
579775
585101
100894028
100890911
763766
100889828
584867
582388
583353
581491
587162
100892777
576252
100888107
588667
586384
100890993
548623
580189
589559
762500
105436720
584279
588790
588547
100888462
580369
752389
582941
585527
100892959
581963
580621
579984
575303
579289
754681
100888354
100888484
584461
579023
584220
577457
576206
574666
576810
579017
590592
581982
105445719
100889197
752284
586872
594310
580374
592909
579231
593021
100889219
581252
574680
100893953
575694
582146
755499
756458
582493
100889092
593614
589494
590830
592547
579925
576000
590245
105444205
577662
583472
590701
591691
100893541
590622
577137
764816
100891572
100890740
587633
579153
105441766
583653
591819
373367
575804
577330
588522
579783
590672
100889596
100890155
574779
105441319
590624
593706
105441276
581023
579102
753839
578284
105440296
100889513
105447430
589274
100889415
584896
585998
585134
577536
105436395
580526
577957
577229
591275
579378
100889665
580013
752458
590162
576886
755091
586315
763491
581095
100889187
100890799
582844
576590
577851
578304
582815
590908
578737
593561
752040
764053
578650
580569
585351
100888077
100888621
575136
100893517
580676
589567
100889892
579586
586524
577053
580768
105438703
580304
763930
577231
586803
592673
580705
577460
593754
576850
574887
575826
590071
100890653
578349
105447554
755122
591391
576867
105445103
576665
756286
584259
593528
577759
588073
588683
586539
587141
100889425
578812
590219
583848
414330
587708
590710
763143
587829
589229
755341
100893707
580553
580054
584088
590798
583367
592002
591407
583847
587674
591462
100894140
577962
105447447
755682
574737
590488
591373
579285
585800
373199
591748
589279
100887892
577640
100888014
577817
414053
754354
583779
752963
100888843
584450
579719
585193
587672
100893988
593856
576452
105446855
590766
575368
583633
586401
765046
586413
100888049
591711
100892733
589257
584756
754546
592079
100888323
589588
752926
591902
589151
579239
100889505
585169
584213
587131
589755
592228
587262
100890340
100893906
589572
577677
574696
580820
764843
589728
580566
100890631
100892686
574819
577869
583691
574782
754340
753259
583677
580840
580441
589839
576803
105439885
574684
373201
581260
100890428
105441920
594062
582971
589861
590742
591779
100892008
588816
583073
2652725
579661
588422
593781
576747
105445706
587083
100893209
581162
592563
593516
756374
591803
752814
579141
763576
580477
585465
594676
591753
585619
580897
588601
100893616
578262
755823
587422
592989
590319
574654
594097
581352
752230
100890436
100891365
586417
105442120
593418
100890472
576342
584772
100893596
100889569
587918
580578
586214
574944
588292
100888814
575423
100892057
579814
590877
587396
105442616
100892258
590272
578559
755639
583616
590948
584048
100892534
582335
589075
587551
100888350
576677
756012
583919
591389
574908
100891634
756386
585953
100892797
594820
576814
100890411
100890658
586948
581890
575827
105444507
588077
585468
585774
588946
105446626
762869
584932
588810
593397
579733
100891841
756179
579860
105443615
577835
582498
373423
593119
587782
100891325
373355
763415
752584
756027
574072
100892594
100894009
581921
762935
586308
580272
577294
373495
764270
579161
574691
585017
575060
100892039
579390
577899
100893959
587050
585491
583013
752394
578296
579372
579498
588712
576603
592540
754379
588905
582967
577162
586535
577493
105439495
586351
577341
578560
105441017
100888896
579676
577901
587138
582341
105444738
591112
584833
752325
588569
105441320
100888253
105439376
755883
576155
763380
763515
576304
586019
592992
583036
593670
577046
579138
105438481
100147806
577246
582784
589843
588567
585168
582913
763738
579779
592107
580795
587597
588920
752487
592399
574852
590644
580289
576831
590123
580686
754278
593945
105445241
584335
577028
576451
578100
105442029
589445
592681
579598
588739
576358
578834
105442819
590572
577250
100889221
755220
584430
105438693
594780
582353
592825
754002
586457
762898
763938
373195
575810
581768
577450
100890792
576175
100892648
105439490
589028
586501
592517
577179
580052
594388
754050
585420
100892079
100892868
594074
100893102
756723
584028
576237
582636
589395
100887891
764350
752582
576081
587771
762357
583205
754092
589683
589099
582331
591452
578781
592452
594693
594380
592624
586759
584354
579426
585059
585534
585557
105440382
579072
581936
575783
581543
586835
757096
587142
582558
580959
591266
580376
100890668
373345
582313
100889850
582515
576476
581380
577006
100891821
575058
586986
764666
594453
584589
592424
105444698
592285
592701
588224
592190
593129
373491
754163
583889
105436390
578984
100890009
590409
105444942
577659
105440370
588024
581555
584560
105441354
594675
582696
577303
100892995
754366
577346
100893890
580782
588063
752316
373260
105447613
582748
581462
753641
754459
100888486
105436397
753724
100893945
373397
582203
581460
100892604
100892487
591026
584215
105440961
581153
100894035
580175
583890
588414
576147
100891124
105442841
588756
578938
576903
100889245
581894
575644
574672
755739
578365
100892095
576459
100890059
589175
577494
577573
580843
589818
100888148
586836
582771
577426
592824
100893568
589457
753513
100890194
100888344
592432
100893549
105441242
578382
756684
575115
752921
100889312
100889189
580494
593011
100889332
105439915
577413
585773
591855
757112
579948
592512
593687
586898
578528
753198
764301
592476
105436618
590241
592889
753935
584681
578232
575689
581748
105444085
579804
100891696
586508
100892324
580559
590820
577126
592450
373282
755050
577312
592987
100891399
576514
593764
587180
373522
582648
579095
100893267
378471
574677
589532
575821
578649
593854
584387
100889568
584579
591490
763313
753496
577161
591813
587196
579683
575261
580851
582643
583938
100893063
581208
373210
105442838
592651
592787
755086
580083
100889704
590024
373178
594103
585285
581605
100891923
755742
581897
592144
100890638
100891481
100890162
100893968
581346
590946
582393
105443558
593978
100893761
100888798
578542
593885
100891926
100889292
591130
581891
582622
578356
100887916
105437031
576365
591714
100891430
575588
576228
575780
586399
100887866
100888951
583885
584580
575072
100893293
581581
752939
755431
582769
590721
105442021
586295
578469
578092
588684
100892267
593104
575095
577747
100894061
105443333
105436929
589067
752057
580188
582476
593975
764559
590945
580476
588679
580154
574567
105441310
593387
100892783
580591
100889028
583383
574738
579946
580012
591494
577639
755643
373539
100888804
583702
105445755
579753
586562
582205
593225
100889654
752556
591569
575018
105440456
576916
373481
579470
105443243
593809
585510
581837
105439391
579155
754542
100891454
591504
576025
105442888
586550
754004
576117
581227
592061
100890893
578417
100889889
753309
754774
575227
100891813
581939
580653
584771
586317
582140
575648
756859
589158
575443
583553
576678
585057
587307
589897
100891211
585915
754399
579730
575057
589006
100889141
574839
593217
577521
585158
763264
580394
756521
583425
756332
580574
585626
579933
756874
100893686
576133
105441437
593244
578390
100893631
586673
577731
583980
589390
577430
586297
594228
591258
579544
756368
585541
583376
755623
100893840
577822
592659
575482
579258
583566
578993
575447
577418
591457
579288
100890073
586392
754694
576623
100892375
591199
585913
373245
100892218
576066
575398
754693
586237
753040
100893030
100892914
100893986
590203
752743
575180
584999
100890710
581383
593381
587762
583649
100888311
578003
100892454
100890894
593185
594592
577340
594830
578886
576625
762658
105444310
587704
588510
100892600
588048
105443296
756943
100893859
575765
587344
373353
594473
105436455
105437973
584584
579060
585290
583034
592915
100890252
577498
756828
586013
574688
578855
591467
581977
105438422
580072
581419
755584
577766
100888848
105443503
100891745
577035
100893845
590313
100889540
100893185
587547
764891
578561
581028
105437910
373305
579434
584205
581729
581961
100892742
580128
587303
373356
582798
100892953
100893711
580976
577678
586285
584395
593832
579236
754574
594381
100889686
593964
576382
582264
580279
589976
587157
575613
105445643
756856
100890606
586667
752175
592500
590815
582538
577443
580797
582238
593051
593946
756887
100893075
587421
583328
100889274
105439883
592160
586242
754869
587957
763417
105436429
589974
752610
590010
373207
575341
105438251
578257
584532
100892727
583422
587802
753796
105445367
576275
594533
584196
755760
578205
587789
752681
590295
593857
105446514
100892537
582330
100890735
575677
578066
582814
105446097
586207
589267
753578
593200
590116
754905
575920
578544
762697
100891962
100893283
100889851
578025
753988
373486
105446206
594098
100894088
582756
594425
578364
592225
583093
575044
756681
100888479
580986
577380
582914
575371
590687
100891282
581148
100889761
100889610
575135
764759
581741
578577
589136
578717
583340
582361
594110
588656
756506
100892141
576444
100888748
579909
105436985
581962
594147
584767
593676
592845
584189
764545
584788
577019
105442195
581379
763298
576588
100891673
584178
585672
100889010
580903
592580
105439709
592209
373506
581708
587451
580057
100888112
577633
583384
100889554
763344
588984
576731
581667
105446607
576378
582737
100889336
575618
100888644
583802
581817
592902
584418
594190
578358
582545
589968
580276
591150
576348
592642
100892344
588300
577135
584384
581719
591744
590817
582167
575144
583554
577966
590385
583469
582926
581022
580398
100890918
592522
100892545
105436927
100890476
589166
373521
577256
105444365
100892776
587567
576106
585022
100892123
105436842
582973
585334
589611
100891983
576108
576309
577108
582863
100892571
763581
577991
579318
577405
592565
100887860
589287
105441302
580390
580807
100893309
585496
763081
593800
100891406
590655
584065
575450
574955
763441
100891932
580183
593053
756679
587724
581320
592944
585399
592451
592246
581473
579137
404200
100890997
100892825
100888616
100891421
575692
594484
577795
579782
577950
586359
579868
587128
105437259
100889549
590422
100893269
578623
577579
581526
589933
592747
592219
576960
580780
585064
576684
594540
578549
581040
592467
579784
583170
590851
581183
100891080
752954
100892488
591067
754928
373203
590609
764341
576243
594156
584837
583574
579483
589293
587013
581003
580385
586365
586376
105445123
764878
590850
590773
755028
588358
580680
577806
100891628
579202
582634
576426
590751
590901
100890832
105436740
762481
105438527
577123
580480
576990
575845
581115
581901
575965
582340
578403
105443382
105442314
752160
578960
764886
373398
762797
100892440
585926
756750
591329
591128
587594
100890828
588755
590610
576427
588674
575577
582960
584518
100891185
752256
754534
593089
577891
582223
764749
592016
589263
754418
576813
100892078
105444594
100890843
594068
589538
586856
587315
584077
580179
588126
585449
587580
585499
578305
754235
583403
576580
583204
574669
753986
578835
100888823
105437344
581696
592999
589978
752532
100888345
579149
579961
100890826
585686
755109
590237
100892609
576520
579875
583306
578009
373243
588471
584371
589141
593790
586721
581663
100888280
579756
100888908
105443515
590359
577107
576515
579901
577064
575376
591989
577447
581431
576995
586095
100890041
577584
581720
100893351
105446519
100892990
588523
581163
578532
578125
105439788
589811
764294
577428
586556
100890135
100892657
585039
580489
584679
574771
591647
574734
579528
576873
575497
585892
105437690
586785
577060
583194
581205
755293
584922
579069
578571
575660
581356
753373
105444050
100890087
752092
373466
574958
586897
581071
583647
755522
585223
591155
100893348
105437250
587036
577456
580555
105442758
100893489
581840
581750
592341
594143
576121
584710
592201
575604
586432
594031
588430
763203
754083
100892187
105446150
578076
579637
590595
593241
752968
588662
580818
590912
588779
591084
587072
100890791
579914
592251
756261
100888703
588665
580814
578120
578574
763676
585591
586496
578192
576891
591774
583990
575494
592354
753693
586665
578133
763557
764011
578363
763883
100890867
582170
583266
100891950
579592
589715
586615
585517
579797
579603
579715
580144
579362
100892025
578956
594146
581083
585283
576732
576172
100893409
100888981
100888300
577400
100890560
579122
580829
763615
575703
581235
594649
580512
100889298
584813
580472
594211
581824
583380
589944
100891335
582819
752217
587603
100889472
592195
584382
589137
574820
753821
594411
100890060
584649
591755
592709
586040
592896
580697
589209
100891463
581717
756585
100890851
752555
580879
591737
587424
588393
575169
762549
575941
100888145
585583
586642
590885
592528
579679
100891474
105436902
575657
587119
592956
576726
582664
581867
105446982
591074
579227
762994
763943
580133
100889179
592188
577805
100888875
593568
583735
755588
583394
580009
586675
100891431
575102
763087
764739
100888454
593908
100888177
105442488
585561
757284
592380
100889940
757339
581771
584693
581135
591622
589900
579475
763583
593206
105441126
755030
586843
584138
100889813
593505
578491
586627
576089
100888109
594384
756379
100890416
582344
100888999
576471
584307
590990
100894039
2652716
578424
592445
765161
583590
580021
576114
575125
100888569
593900
100891378
575739
575444
100893753
576160
763357
586779
590654
584294
592919
594477
576912
588610
105445262
100888505
582742
100893061
100892190
594819
590539
589774
586966
100892060
763497
587668
581034
580203
587780
591824
587041
584303
100888460
579870
100893897
100887903
574763
100888997
578814
590972
582652
577510
590679
752983
579887
594187
105446224
590088
581860
585674
575651
578405
591086
753533
591219
579969
585248
755168
373197
585814
593468
100889564
757199
591400
578745
105436903
592042
581755
100888206
585585
576775
100887952
591536
594521
579182
582789
755564
590324
592274
588991
756919
584928
585176
100889994
594548
591443
580131
585880
583322
580111
581652
583987
100893545
586516
100889555
575445
752507
763426
592196
583216
579861
593695
100891535
105444154
578423
764044
586074
589176
584166
100890554
579128
590861
583688
590568
579152
579761
590201
765159
576602
100890727
584140
755726
578473
587628
105437502
586116
578915
592708
584590
100889345
100890759
583218
578063
100889487
589491
586089
100889528
763050
586433
100890115
586660
590813
582639
100892171
100891208
100893133
100893354
753068
576341
578978
583868
580767
588082
578742
100889423
756678
581337
753295
585164
574986
586172
581365
591747
574744
373471
580155
578817
100888728
591690
581185
105438115
577755
576072
585580
591279
577597
590973
100891879
588619
574910
574558
594568
757011
593843
578090
576875
577121
373433
105439929
585537
397069
579670
100890278
577193
100889191
580595
755465
590949
591635
764382
580090
575286
592552
577824
764407
100891823
575583
100892646
580534
763220
100888221
752586
755300
587619
593294
578946
576359
764925
100890916
100892049
589053
100893391
100891568
578480
588372
587576
582559
574945
583588
591103
763606
105438888
594575
579762
100891755
593793
581778
587675
592643
583222
100888242
593086
105438069
592537
593095
589339
586198
100891119
100892522
100892512
583182
577398
100889253
581714
100892662
578929
100892249
100891071
582560
576039
586864
585853
594176
100891947
753450
583206
577048
100892660
578478
577495
593338
580410
764983
754234
593202
576254
594185
586574
587217
593646
105440856
586748
753985
105439058
583389
576022
579937
581324
584359
577909
584347
574799
579849
100889400
578414
575288
591554
100892076
100888529
574701
586734
594475
105440011
100888835
577552
577750
583598
763669
100888272
100893336
587048
578234
594421
584775
586131
591422
589223
593529
579269
576650
581889
100889325
576833
594198
576614
582192
577858
581234
580436
586684
586388
581828
763875
581495
589414
585473
373265
581438
591420
587305
100889702
578099
577740
593048
577649
586937
578398
752277
575722
578132
582351
593873
585343
576447
583428
583876
584426
580933
585505
585839
592456
762974
100892720
580773
582838
594105
591267
592357
578720
100891387
100890948
580110
574743
100892295
757253
752989
576361
752537
445330
590757
575768
579728
756415
577209
577033
591892
105446283
576487
100894098
574869
594217
589654
584224
581999
581054
100891864
105439088
582128
589805
576968
763239
762641
582087
755844
579226
100890329
763638
752050
591947
105441796
582213
581834
105441472
756536
576419
592751
592922
576047
757261
752115
594755
581920
587512
100893577
575231
100892729
587476
100893944
592046
105444346
583439
100892910
589341
592314
584969
576079
576681
100891506
100892422
576892
581567
373478
585377
591591
590273
578531
586180
373520
575562
100889866
753676
588147
582318
593886
757040
762389
578261
584093
592336
589472
582039
105440425
586323
105445159
577488
100890358
578163
583033
583019
575189
575741
593017
594349
588196
100890285
585654
590733
579636
763210
591324
582347
577515
575101
592945
594538
100893749
586259
592736
575454
580597
579642
100893802
577221
581331
586933
591918
576207
578116
100890864
580498
575110
585627
587921
583839
588675
574796
581402
581516
591340
583612
583271
579944
100888045
100890992
574871
100891173
589555
589369
575201
581625
763378
574943
578021
585997
100891806
579864
579056
100887877
575570
578589
576914
590876
100888119
755633
580253
100889723
586004
762803
585582
580275
100891797
593140
576142
591487
587130
579124
574607
578476
584769
576637
586208
581654
577386
577866
592191
580815
589145
589108
100891203
100888633
588545
586464
576609
100892241
582279
589981
586001
581559
753178
755114
594182
587197
580457
105439926
578222
579866
576573
100890483
577313
581683
100891007
586101
577956
583722
590682
100890508
575483
592180
753325
591083
100893546
577797
575001
100892892
100891243
576184
100892108
105444798
577002
100888326
575498
575938
764638
105441355
587488
105438264
590790
100890545
100889209
577684
100893386
592873
589670
105438608
576308
586775
575796
586025
105443494
105436648
579526
586629
756237
100893731
582352
577365
100888527
579815
588871
574879
589631
578942
762791
585317
578807
582035
575996
578767
594795
594113
590316
592774
100890129
577931
100890161
582142
100889551
100893407
579400
587592
585652
578526
589760
582878
764276
100893294
575726
100891286
588493
583286
580248
575509
100890212
590148
584374
755928
585110
591736
105436925
584463
579402
591745
105436954
752770
105436431
100890051
591406
588990
593001
586953
579133
579851
581328
753099
100892718
578026
585725
578024
584722
105442408
592682
575237
580395
589600
587649
576882
582795
584018
105446077
582858
580354
588995
582503
582125
757247
755212
579664
591780
578806
580235
100888036
752300
578765
593999
578824
592816
578230
754338
100888758
593167
100890202
588143
580687
100890692
591949
585739
100888985
755102
579394
100889773
763037
105442498
756397
754041
593532
593236
753286
580905
579663
105443506
579327
578083
574791
105443657
100887930
100893531
578881
577287
100889522
590951
576329
100894067
589113
583528
587203
579588
592418
100889534
576779
756187
591702
575958
582424
576951
105436768
577922
584552
594583
594258
100893245
762595
582721
105443903
582022
105438521
586751
756518
578457
583607
587057
105445314
579224
588695
105436689
591217
593097
105439689
578741
587139
585740
589687
580556
594047
584381
576023
587676
100891144
589823
575402
752864
583657
755676
578481
756388
579837
754020
585368
577329
575191
587533
588097
100893491
588102
752545
575315
580915
580929
753921
583221
584467
593842
764297
100893598
578070
581842
592122
105439830
588363
580130
100893263
105443509
585308
100890897
586099
584468
590781
580832
100892423
414294
583804
579326
582037
578959
578392
575713
586874
100888634
100890263
582091
591961
590076
576124
756843
585319
100890709
583346
100893684
100893259
592282
589842
100888295
105438762
575208
589610
100893601
590467
590282
583727
105446839
752704
100892922
752578
585629
590286
100891465
577377
105439988
581937
592595
574639
100888199
593776
105438074
593271
578468
580791
752647
587147
577477
577710
585748
752900
764369
100893418
585447
587630
588463
752355
100893068
581125
753011
763325
100891488
585668
577378
105445937
767501
100889459
100892277
585040
581812
594514
577818
583378
577551
576870
588526
575437
585204
756056
582381
581730
586519
100887957
591292
753691
579319
589516
584448
579747
582849
578698
576575
100893167
584852
105446242
583291
100890846
100888210
100892484
105443843
593681
753106
590355
582015
100890214
590665
582478
100888121
593762
576645
576911
589410
580769
579706
587804
585729
586414
100890961
589343
765039
586739
753918
590762
574749
576448
763655
591793
105444779
580648
373533
587337
578020
753877
105436398
105439087
100893359
584322
756959
580422
590450
593422
585032
590613
580554
100888910
100889220
592075
100893604
588563
582174
587144
594202
105447389
105438148
578002
100891935
575390
577392
576167
591088
580215
100888041
105436788
577099
576500
100889886
588864
100889839
576096
576366
591868
577676
588583
105447033
100892413
100888652
576539
586395
593142
100891059
589648
577704
762546
591138
584645
574640
583479
580069
583788
581544
579776
764251
752644
592794
105440196
755589
591137
592519
105446133
586072
580371
577796
581854
579467
577187
763605
586239
100892871
100892225
577613
764286
578373
584545
577756
577665
593404
105441495
576179
763521
588047
752443
752041
591076
590969
581699
587464
100893052
575010
584929
100894000
100889734
100892334
576829
589504
764855
100892358
100891958
591740
574836
586437
577424
585813
575945
584870
592465
594501
591684
577511
581268
576335
754777
589697
581220
588533
756008
581835
578419
579710
582604
753866
577607
100893200
576674
578030
583452
100891575
587249
592697
577645
586486
100892059
590980
594100
578859
588386
585443
574762
578726
373280
593265
578500
579772
578688
589012
100889115
581276
577158
105447108
589815
590765
100892245
100890429
580532
762388
574974
587987
100888447
583121
579411
594721
577602
763089
578739
587766
373228
100891536
593816
753251
592762
593565
587871
575363
756342
584010
582670
582736
100892033
576782
581737
586102
105437992
575413
100888923
100893126
591403
100888314
593810
105444744
575194
100889935
582841
762780
583951
590401
585180
592712
579150
100890057
582590
763794
577497
756516
592872
105438834
579381
594639
582460
585817
577819
105439546
582071
753443
577010
580762
100888455
754367
105442577
100889922
582705
100891032
100890165
591109
752189
576221
576140
593718
577253
752810
574873
100893740
577201
588008
756367
581387
575733
575184
592776
593883
591116
756522
581868
576050
582833
100888466
100891041
576129
577438
586067
100888808
100887889
588549
578188
100892172
583874
593730
105437276
589201
764662
586105
105445980
580469
575470
100889638
100890777
585051
590306
588758
580313
105437380
583015
753851
100891299
764597
100891413
591081
100890026
576373
584469
100888918
588394
756877
576291
100889672
582133
100891364
575020
762444
580124
100889897
100893485
579018
574928
100892405
762577
577338
373238
578927
588717
752338
575625
580208
378470
579027
763179
576438
105443547
100891444
575000
590811
586062
756773
582488
580589
585494
373498
578694
373482
577305
575615
591924
576505
581134
576679
576267
575271
753715
584025
100893036
579634
100891701
584014
577383
100893160
579335
575556
590632
583825
586249
757216
576376
753840
582440
575255
585265
587156
100889011
583478
588137
581974
583977
100893600
579091
100891984
763155
100893899
576962
100889789
591447
589737
582701
105444465
594746
591344
591552
100889261
100889053
589172
581345
583113
584198
583012
584846
100888867
100893366
581439
582109
588960
105443534
583075
593738
105443327
578588
105443126
100888845
100893734
583249
105443362
576466
585988
588701
592555
100889424
764876
578870
582800
593044
591009
100893881
575412
576753
581507
105443441
764831
594218
577487
763573
592290
575572
578744
578332
582217
593805
753560
580415
576632
589638
583032
579418
592318
578536
588762
582454
581756
583065
762987
373476
105445142
591742
592337
584881
581660
577291
105440786
100893885
589247
576173
575743
594729
593931
100888673
579197
583297
755068
100890101
574628
576529
574566
580372
581218
594646
752638
576777
100891632
582208
100889573
100889845
580601
578131
754350
585425
579341
577813
592714
100889919
575675
591980
576953
578376
583111
585848
585280
100893697
592026
574620
588469
580007
580712
587697
579154
765024
582974
589156
577894
579317
581879
100891046
105444035
580331
587325
581484
763774
755818
579533
578647
592932
587186
585091
100888603
593010
584318
581336
585829
580077
105439318
582226
754313
585322
590350
105437873
583623
594485
100890539
373187
588993
575154
581161
577463
752363
574892
105440272
580530
105447310
592330
753202
373402
105447194
105441837
763823
582099
589276
586167
579852
588672
576586
587637
585096
574702
581038
579684
753746
576596
585224
576126
578219
590935
100893038
593478
100892912
754172
589994
100889124
592454
577943
105439800
580274
576858
100890820
581097
589213
105438674
579698
574545
581416
581275
586901
591441
574748
752042
576544
575939
592490
576502
585391
589951
593032
100889173
588154
580517
100888744
586463
575919
577485
576054
576526
576498
592799
594464
584673
592772
589254
577877
763807
100893667
754452
105442632
577983
752904
586800
105443015
578897
100889200
592974
576989
575025
577367
594385
579943
584855
583312
583562
576385
100891190
100887880
591869
584966
589579
577202
762870
100890528
100890147
582566
753842
576527
763320
581318
590722
579737
752883
100890274
100890256
100889132
581347
592389
580120
100890399
100892384
591190
105440789
581388
591904
373208
584931
100893473
587808
587420
576884
586396
105440870
100894111
579578
579051
586153
575558
100891979
754560
577037
583309
575991
588054
100891400
755253
580349
592427
586369
588708
105446241
100889901
579016
753389
580023
587456
585342
756991
753898
100889560
593349
105438555
754498
586390
583039
582680
100888117
754420
590477
100892595
593807
589409
591885
589923
586772
593785
574881
578768
577810
580360
578194
578847
587640
577204
100892400
581147
588053
100890280
588004
579713
576801
100888549
576250
593175
579029
583915
583300
753954
100891052
578412
594510
585631
100892284
583954
578220
579015
763564
373247
590330
580005
105440158
100892331
589522
100893910
585882
100892209
575740
576425
586719
577244
587747
764996
574572
588852
577224
582717
590297
578215
100889364
575272
588336
575153
594130
584214
593539
755056
588391
105439930
592680
581563
105436916
763503
575707
592150
576325
578799
592325
584770
589487
592204
586332
100892779
590293
764755
579303
588387
100890018
578080
100893134
588772
592425
585985
594572
578274
586026
578357
575928
576491
590426
581784
414054
584067
587950
577268
581725
105436622
579114
100889605
591453
577996
100893224
575003
587030
581182
578749
584913
752659
592014
100891091
579108
593038
100892962
105437431
100889370
588348
763547
100889160
762995
575861
587077
585381
577070
757189
754150
581371
755610
592402
581152
592421
585736
577414
583305
590971
757265
578136
582904
594195
581609
591177
591795
373248
584863
576218
762633
590415
100890745
581918
594434
755401
584271
582506
587482
588813
580562
757239
753633
575917
594653
100891069
100889453
593612
580733
577348
593968
577389
577047
592899
582179
591425
594826
578691
100890782
592111
105437418
583151
373530
100892098
757331
100893195
574813
591616
578637
582362
585487
576802
100888320
577354
577399
753336
105437552
593450
594672
762503
764519
593702
579556
592280
578728
579938
588874
585840
577801
581665
100892343
580260
587526
100888428
105440132
100892769
100892619
100890690
583920
373321
590618
105446653
100891561
753177
578464
589605
589643
591339
100889837
588937
592888
577280
594711
588791
580428
576148
579572
100888490
100891462
577555
100888624
578616
579660
753963
592236
574860
589446
580174
100893750
586541
100889562
100888387
105446392
578276
100893788
373287
765015
105447183
584658
590567
100893815
593938
580370
575608
105445954
105446135
105444824
100889310
100892323
591668
574826
588550
578061
583430
585509
581869
584533
591683
765083
586545
105444533
752520
100893377
591431
100894060
105440345
582410
100893191
100889107
100890995
100893129
100890361
105447490
762552
574707
105444827
583153
100893627
757270
100891732
763913
100892599
588257
585784
100892938
105444025
763696
105438750
105441825
100890418
578788
578307
578277
105437927
580429
576169
105444713
105436750
765152
105446527
105446858
