Category	Term	Count	%	PValue	Genes	List Total	Pop Hits	Pop Total	Fold Enrichment	Bonferroni	Benjamini	FDR
GOTERM_BP_ALL	GO:0022613~ribonucleoprotein complex biogenesis	43	1.7345703912868091	1.456638225142896E-7	579931, 575751, 591121, 581865, 591435, 577044, 589486, 584539, 591189, 586103, 578233, 584413, 580493, 578606, 578794, 580433, 587044, 583048, 581649, 105438529, 588773, 590254, 591809, 587575, 579591, 575080, 588854, 575126, 582829, 575681, 582919, 592289, 582011, 592405, 592267, 575632, 575819, 577954, 584496, 577255, 585590, 583163, 580926	349	68	1094	1.9822181021405696	2.1599613406420026E-4	2.1599613406420026E-4	2.4169178575172978E-4
GOTERM_BP_ALL	GO:0042254~ribosome biogenesis	32	1.290843081887858	1.8523672928768495E-6	579931, 591121, 575751, 581865, 591435, 577044, 589486, 584539, 586103, 578233, 580493, 584413, 578794, 587044, 583048, 581649, 588773, 591809, 579591, 588854, 575126, 582829, 575681, 582919, 592405, 592267, 575632, 575819, 577954, 585590, 580926, 583163	349	48	1094	2.0897803247373448	0.0027432935140977444	0.001372588756996862	0.0030734879396421277
GOTERM_BP_ALL	GO:0006412~translation	45	1.8152480839048004	1.6586426682701392E-5	588867, 583426, 581865, 577881, 577044, 753658, 591189, 579219, 578606, 579300, 578794, 578034, 588415, 583048, 591498, 752151, 587414, 582417, 587448, 591809, 587575, 594523, 575080, 577982, 593744, 579019, 581576, 586283, 580307, 586769, 575225, 591341, 575681, 592289, 575790, 582011, 583958, 582945, 577787, 593029, 580522, 585458, 589183, 580746, 580926	349	82	1094	1.7202459990215948	0.0242978123787827	0.008165769080360041	0.02751739740761705
GOTERM_BP_ALL	GO:0043043~peptide biosynthetic process	45	1.8152480839048004	2.5064058303980726E-5	588867, 583426, 581865, 577881, 577044, 753658, 591189, 579219, 578606, 579300, 578794, 578034, 588415, 583048, 591498, 752151, 587414, 582417, 587448, 591809, 587575, 594523, 575080, 577982, 593744, 579019, 581576, 586283, 580307, 586769, 575225, 591341, 575681, 592289, 575790, 582011, 583958, 582945, 577787, 593029, 580522, 585458, 589183, 580746, 580926	349	83	1094	1.699520143611696	0.036488123016755525	0.009249573145587942	0.04157930366590623
GOTERM_BP_ALL	GO:0006518~peptide metabolic process	49	1.9766034691407826	2.6577385009200607E-5	577881, 753658, 579219, 578034, 583925, 588415, 583048, 591498, 587575, 594523, 575080, 579019, 586283, 591341, 575681, 582011, 580863, 577570, 582945, 593029, 580522, 585458, 589183, 580926, 588867, 581865, 583426, 577044, 591189, 576972, 578606, 579300, 578794, 752151, 587414, 582417, 587448, 591809, 577982, 593744, 581576, 580307, 586769, 575225, 592289, 575790, 583958, 577787, 580746	349	93	1094	1.6516005792279016	0.038648128613280264	0.007851968123538389	0.04408927362837822
GOTERM_BP_ALL	GO:0006364~rRNA processing	21	0.8471157724889069	3.496699046409871E-5	579931, 575751, 591809, 591121, 579591, 591435, 588854, 577044, 589486, 586103, 582829, 578233, 580493, 575681, 582919, 592405, 575632, 577954, 575819, 583163, 588773	349	29	1094	2.2699338010078054	0.05053532527632876	0.008605583735855293	0.058003012068541526
GOTERM_BP_ALL	GO:0016072~rRNA metabolic process	21	0.8471157724889069	3.496699046409871E-5	579931, 575751, 591809, 591121, 579591, 591435, 588854, 577044, 589486, 586103, 582829, 578233, 580493, 575681, 582919, 592405, 575632, 577954, 575819, 583163, 588773	349	29	1094	2.2699338010078054	0.05053532527632876	0.008605583735855293	0.058003012068541526
GOTERM_BP_ALL	GO:1901566~organonitrogen compound biosynthetic process	71	2.864058087938685	3.964598715862748E-5	588945, 373382, 577881, 753658, 577020, 579219, 591935, 100891910, 578034, 588415, 583048, 591498, 587575, 579751, 594523, 575080, 579019, 586283, 590056, 591341, 575681, 590061, 592365, 582011, 576006, 575210, 582945, 593029, 580522, 588680, 589183, 585458, 580926, 588867, 100894124, 581865, 583426, 581274, 584369, 577044, 591189, 578606, 579300, 578794, 582049, 752151, 578700, 587414, 582417, 585810, 587448, 591809, 592650, 762952, 577982, 579530, 593744, 581576, 580307, 586769, 548622, 587803, 575225, 592289, 575790, 583958, 577787, 579081, 575553, 579085, 580746	349	151	1094	1.4739179111558096	0.0571010541328405	0.008364275228670226	0.0657621020041077
GOTERM_BP_ALL	GO:0043603~cellular amide metabolic process	52	2.0976200080677696	4.533105722000249E-5	577881, 753658, 579219, 578034, 583925, 588415, 583048, 591498, 587575, 594523, 575080, 579019, 586283, 591341, 583455, 575681, 582011, 580863, 577570, 100890097, 582945, 593029, 580522, 585458, 589183, 580926, 588867, 581865, 583426, 584369, 577044, 591189, 576972, 578606, 579300, 578794, 752151, 587414, 582417, 587448, 591809, 577982, 593744, 581576, 580307, 586769, 575225, 592289, 575790, 583958, 577787, 580746	349	102	1094	1.5980673071520872	0.06501751418284096	0.008368225038115629	0.0751887822494246
GOTERM_BP_ALL	GO:0043604~amide biosynthetic process	46	1.855586930213796	6.665924879481651E-5	588867, 583426, 581865, 577881, 584369, 577044, 753658, 591189, 579219, 578606, 579300, 578794, 578034, 588415, 583048, 591498, 752151, 587414, 582417, 587448, 591809, 587575, 594523, 575080, 577982, 593744, 579019, 581576, 586283, 580307, 586769, 575225, 591341, 575681, 592289, 575790, 582011, 583958, 582945, 593029, 577787, 580522, 585458, 589183, 580746, 580926	349	88	1094	1.6385777546235996	0.09412953785949263	0.010924221532006562	0.11054660561866658
GOTERM_BP_ALL	GO:1901564~organonitrogen compound metabolic process	86	3.4691407825736182	7.196325310107767E-5	588945, 592592, 373382, 577881, 753658, 583929, 577166, 577020, 579219, 578034, 591935, 100891910, 583048, 588415, 583925, 582165, 591498, 591899, 594523, 579751, 587575, 575080, 579019, 586283, 590056, 591341, 575681, 590061, 592365, 580863, 582011, 577570, 576006, 100890097, 575210, 593029, 582945, 578453, 580522, 588680, 589183, 585458, 580926, 588867, 100894124, 581274, 581865, 583426, 584369, 577044, 591189, 576972, 578606, 575347, 579300, 578794, 582049, 585797, 752151, 578700, 587414, 582417, 585810, 587448, 591809, 592650, 762952, 579530, 577982, 593744, 581576, 580307, 586769, 548622, 587803, 575225, 548616, 593509, 575790, 592289, 583958, 577787, 579081, 575553, 579085, 580746	349	194	1094	1.3895961953150386	0.1012275081399644	0.010615785024979507	0.11933774522130403
GOTERM_BP_ALL	GO:0010467~gene expression	117	4.719645018152481	1.1611077142462033E-4	577881, 753658, 580958, 578233, 579219, 593673, 578228, 578034, 373339, 594039, 583048, 588415, 584640, 591498, 590254, 587575, 594523, 575080, 579019, 592015, 579207, 575681, 583455, 593029, 582945, 577255, 585635, 579931, 575751, 588867, 583426, 581769, 577044, 591435, 584962, 591189, 578214, 576972, 590047, 578606, 580433, 105438529, 752151, 588773, 587414, 582417, 591809, 594541, 593744, 581576, 100891218, 588854, 586014, 580307, 586769, 582829, 588659, 587803, 575952, 575225, 593496, 583958, 373348, 580902, 591121, 589486, 574588, 586103, 580493, 581160, 754661, 752563, 590747, 583925, 592057, 593983, 575247, 579591, 586283, 591341, 582919, 582011, 575632, 580522, 577954, 589183, 585458, 583163, 580926, 100892475, 581865, 586275, 105446002, 751845, 580001, 373196, 578317, 584413, 578794, 579300, 583564, 753537, 587448, 578850, 577982, 576519, 373200, 577702, 575790, 592289, 592405, 577787, 583913, 575819, 584496, 754757, 580746	349	284	1094	1.2913959401105777	0.15819111798646346	0.015532853250809109	0.19248199040066138
GOTERM_BP_ALL	GO:0006807~nitrogen compound metabolic process	168	6.776926179911255	2.723668157877397E-4	577881, 753658, 577166, 580958, 105447413, 578233, 579219, 593673, 578228, 578034, 100891910, 591935, 594039, 373339, 588415, 583048, 584640, 591498, 591899, 590254, 594523, 587575, 579751, 575080, 579019, 592015, 590056, 579207, 583455, 575681, 590061, 592365, 577570, 575210, 593029, 582945, 577255, 585635, 579931, 575751, 588867, 100894124, 581769, 583426, 584369, 577044, 591435, 591189, 584962, 578214, 576972, 590047, 582628, 578606, 575347, 580433, 586173, 585797, 105438529, 752151, 587414, 588773, 582417, 585810, 591809, 594541, 579530, 593744, 581576, 100891218, 588854, 105442738, 586014, 580307, 588659, 582829, 586769, 548622, 587803, 575225, 575952, 548616, 593496, 583958, 575553, 373348, 580902, 591121, 588945, 592592, 373382, 583929, 577020, 574588, 589486, 586103, 580493, 581160, 586702, 754661, 590747, 752563, 592057, 583925, 593983, 582165, 575247, 579591, 590968, 754268, 586283, 591341, 582919, 582011, 580863, 576006, 100890097, 592267, 575632, 578453, 580522, 588680, 577954, 589183, 585458, 583163, 580926, 100892475, 581865, 581274, 586275, 105446002, 751845, 580001, 373196, 578317, 584413, 579300, 578794, 582049, 583564, 578700, 753537, 587448, 592650, 762952, 578850, 577982, 576519, 373200, 577702, 592407, 574069, 593509, 592289, 575790, 100888496, 592405, 587908, 577787, 579081, 105441620, 583913, 575819, 584496, 579085, 754757, 580746	349	441	1094	1.194160185564197	0.3323391907602985	0.03310423719567501	0.45096508797771717
GOTERM_BP_ALL	GO:0034641~cellular nitrogen compound metabolic process	159	6.4138765631302945	4.028378049507381E-4	577881, 753658, 577166, 580958, 105447413, 578233, 579219, 593673, 578228, 578034, 591935, 594039, 373339, 588415, 583048, 584640, 591498, 591899, 590254, 594523, 587575, 579751, 575080, 579019, 592015, 590056, 579207, 583455, 575681, 590061, 592365, 577570, 575210, 593029, 582945, 577255, 585635, 579931, 575751, 588867, 100894124, 581769, 583426, 584369, 577044, 591435, 584962, 591189, 578214, 576972, 590047, 582628, 578606, 575347, 580433, 585797, 105438529, 752151, 588773, 587414, 582417, 591809, 594541, 579530, 593744, 581576, 100891218, 588854, 105442738, 586014, 580307, 588659, 582829, 586769, 548622, 587803, 575225, 575952, 548616, 593496, 583958, 373348, 580902, 591121, 588945, 592592, 373382, 589486, 577020, 574588, 586103, 580493, 581160, 754661, 586702, 590747, 752563, 592057, 583925, 593983, 575247, 579591, 590968, 754268, 586283, 591341, 582919, 582011, 580863, 576006, 100890097, 592267, 575632, 580522, 588680, 577954, 589183, 585458, 583163, 580926, 100892475, 581865, 581274, 586275, 105446002, 751845, 580001, 373196, 578317, 584413, 579300, 578794, 582049, 583564, 578700, 753537, 587448, 592650, 578850, 577982, 576519, 373200, 577702, 592407, 574069, 592289, 575790, 100888496, 592405, 587908, 577787, 579081, 105441620, 583913, 575819, 584496, 579085, 754757, 580746	349	416	1094	1.198107229446771	0.44983047799807185	0.04492342252536896	0.6663117640158811
GOTERM_BP_ALL	GO:0034470~ncRNA processing	25	1.008471157724889	4.7929150599159516E-4	579931, 591121, 575751, 591809, 579591, 100891218, 591435, 588854, 577044, 589486, 584962, 586103, 582829, 578233, 580493, 587803, 575681, 582919, 578228, 592405, 575632, 577954, 575819, 583163, 588773	349	42	1094	1.8658752899440576	0.5088274049149066	0.04951494016199276	0.7922976211204857
GOTERM_BP_ALL	GO:0034660~ncRNA metabolic process	27	1.0891488503428801	5.551655779639256E-4	579931, 591121, 575751, 577044, 591435, 589486, 584962, 586103, 578233, 580493, 578228, 588773, 591809, 579591, 100891218, 588854, 582829, 587803, 575681, 582919, 575790, 592405, 582945, 575632, 577954, 575819, 583163	349	47	1094	1.8007681521672865	0.5611243544518746	0.05342267085714625	0.9171798568523903
GOTERM_BP_ALL	GO:0042273~ribosomal large subunit biogenesis	13	0.5244050020169424	0.00108333629072926	579931, 591121, 591809, 581865, 591435, 577044, 584539, 587044, 575632, 583048, 577954, 585590, 580926	349	17	1094	2.397100960728131	0.7996037425929253	0.0955842841219533	1.7824189580431749
GOTERM_BP_ALL	GO:0006396~RNA processing	39	1.573215006050827	0.0016987131757914534	579931, 575751, 591121, 591435, 577044, 105446002, 589486, 584962, 591189, 580958, 586103, 580001, 578233, 580493, 754661, 578228, 590747, 580433, 594039, 105438529, 588773, 590254, 591809, 594541, 579591, 578850, 100891218, 588854, 582829, 587803, 575681, 582919, 592405, 575632, 583913, 575819, 577954, 584496, 583163	349	80	1094	1.5281518624641834	0.9196476353575451	0.13783943077964378	2.781561013192091
GOTERM_BP_ALL	GO:0071840~cellular component organization or biogenesis	100	4.033884630899556	0.0018573174369842863	589852, 580646, 373276, 585826, 577167, 578233, 576711, 373339, 588415, 583048, 584640, 585300, 591498, 588091, 590254, 587575, 594523, 594428, 575080, 762933, 575681, 763690, 575210, 582320, 576910, 577255, 579931, 575751, 583426, 581769, 591435, 577044, 763450, 591189, 578606, 580433, 577928, 585797, 105438529, 588773, 587414, 591809, 577217, 100891218, 588854, 580307, 582829, 588659, 575952, 583958, 373348, 577885, 585590, 577412, 592910, 591121, 581255, 589486, 584539, 586103, 580493, 585934, 587044, 593983, 581649, 592674, 579591, 582919, 582011, 592267, 575632, 577954, 580528, 577952, 583558, 580926, 583163, 581865, 584413, 589392, 578794, 589195, 594222, 373503, 587448, 373309, 373401, 589835, 587798, 575126, 588505, 591159, 583575, 592407, 592289, 592405, 575819, 584496, 754757, 580746	349	250	1094	1.2538681948424069	0.9365157115634468	0.14201151614167917	3.037522545830784
GOTERM_BP_ALL	GO:0044085~cellular component biogenesis	61	2.4606696248487294	0.002143312117396711	591121, 580646, 589486, 577167, 584539, 586103, 578233, 580493, 576711, 587044, 583048, 581649, 590254, 587575, 575080, 579591, 575681, 582919, 582011, 592267, 575210, 582320, 575632, 577954, 580528, 577255, 583163, 580926, 579931, 575751, 581865, 583426, 577044, 591435, 763450, 591189, 584413, 578606, 578794, 580433, 585797, 105438529, 373503, 588773, 591809, 373309, 373401, 577217, 588854, 575126, 582829, 575952, 591159, 583575, 592407, 592289, 592405, 575819, 584496, 585590, 754757	349	140	1094	1.3658207122390504	0.9584950689382463	0.15419858943179865	3.497471718041445
GOTERM_BP_ALL	GO:0017038~protein import	9	0.3630496167809601	0.00232837244283498	588091, 594428, 589835, 585934, 587798, 577167, 589195, 577928, 581649	349	10	1094	2.8212034383954157	0.9684758856469391	0.15873630982949727	3.794000395326469
GOTERM_BP_ALL	GO:1902582~single-organism intracellular transport	11	0.44372730939895116	0.002575958375806929	588091, 594428, 589835, 581274, 585934, 587798, 577167, 589195, 577928, 581649, 584285	349	14	1094	2.462955382726156	0.9781832009250263	0.16652071394653023	4.189377153080775
GOTERM_BP_ALL	GO:0065002~intracellular protein transmembrane transport	7	0.28237192416296897	0.005143697863544132	588091, 594428, 589835, 585934, 577167, 589195, 577928	349	7	1094	3.134670487106017	0.999522902553235	0.29363756483285985	8.200821376281485
GOTERM_BP_ALL	GO:0044743~intracellular protein transmembrane import	7	0.28237192416296897	0.005143697863544132	588091, 594428, 589835, 585934, 577167, 589195, 577928	349	7	1094	3.134670487106017	0.999522902553235	0.29363756483285985	8.200821376281485
GOTERM_BP_ALL	GO:0071806~protein transmembrane transport	7	0.28237192416296897	0.005143697863544132	588091, 594428, 589835, 585934, 577167, 589195, 577928	349	7	1094	3.134670487106017	0.999522902553235	0.29363756483285985	8.200821376281485
GOTERM_BP_ALL	GO:0071426~ribonucleoprotein complex export from nucleus	8	0.3227107704719645	0.006002852243510947	579931, 575632, 591189, 580001, 581649, 575952, 585590, 593673	349	9	1094	2.78637376631646	0.9998675170598615	0.3217367929670203	9.507409648233978
GOTERM_BP_ALL	GO:0071166~ribonucleoprotein complex localization	8	0.3227107704719645	0.006002852243510947	579931, 575632, 591189, 580001, 581649, 575952, 585590, 593673	349	9	1094	2.78637376631646	0.9998675170598615	0.3217367929670203	9.507409648233978
GOTERM_BP_ALL	GO:0071826~ribonucleoprotein complex subunit organization	17	0.6857603872529245	0.007036521502952509	579931, 590254, 587575, 575080, 581865, 591189, 580493, 578606, 578794, 582011, 592289, 580433, 583048, 584496, 105438529, 577255, 580926	349	29	1094	1.8375654579586997	0.9999716829977014	0.3535990741168443	11.05623593552264
GOTERM_BP_ALL	GO:0007005~mitochondrion organization	17	0.6857603872529245	0.007036521502952509	588091, 587448, 594523, 589835, 577217, 100891218, 585826, 577167, 585934, 583958, 577928, 588415, 589195, 585797, 591498, 587414, 583558	349	29	1094	1.8375654579586997	0.9999716829977014	0.3535990741168443	11.05623593552264
GOTERM_BP_ALL	GO:0022618~ribonucleoprotein complex assembly	17	0.6857603872529245	0.007036521502952509	579931, 590254, 587575, 575080, 581865, 591189, 580493, 578606, 578794, 582011, 592289, 580433, 583048, 584496, 105438529, 577255, 580926	349	29	1094	1.8375654579586997	0.9999716829977014	0.3535990741168443	11.05623593552264
GOTERM_BP_ALL	GO:0044260~cellular macromolecule metabolic process	170	6.857603872529245	0.008144958745478052	100890790, 590262, 577881, 753658, 100889149, 580958, 105447413, 578233, 579219, 593673, 578228, 578034, 578380, 594039, 373339, 588415, 583048, 584640, 591498, 590254, 594523, 587575, 575080, 581896, 579019, 592015, 762933, 579207, 589147, 583455, 575681, 575334, 593029, 582945, 752305, 577255, 585635, 579931, 575751, 588867, 581769, 583426, 591601, 577044, 591435, 591189, 584962, 578214, 576972, 590047, 582628, 578606, 575347, 581053, 580433, 105438529, 752151, 587414, 588773, 582417, 585810, 591809, 594541, 579530, 593744, 580806, 581576, 100891218, 588854, 105442738, 590611, 586014, 580307, 588659, 582829, 586769, 587803, 575225, 576984, 575952, 581807, 593496, 590445, 583958, 577885, 373348, 580902, 590942, 591121, 587539, 589486, 574588, 586103, 578962, 580493, 575157, 581160, 586702, 754661, 590747, 752563, 592057, 583925, 593983, 582165, 592674, 575247, 579591, 590968, 585461, 754268, 586283, 752566, 591341, 577730, 582919, 582011, 578762, 585056, 592267, 585921, 575632, 580522, 583162, 577954, 589183, 585458, 583163, 580926, 100892475, 578258, 586329, 100892988, 581865, 586275, 105446002, 591240, 751845, 580001, 373196, 578317, 584413, 579300, 578794, 583564, 578700, 753537, 587448, 580091, 578850, 577982, 576519, 587798, 373200, 588505, 577702, 592407, 592289, 575790, 100888496, 592405, 587908, 577787, 105441620, 583913, 594128, 575819, 584496, 754757, 580746	349	472	1094	1.1290126754407266	0.9999945963393799	0.3843873681528607	12.689395029456152
GOTERM_BP_ALL	GO:0006605~protein targeting	12	0.4840661557079467	0.009348743372909684	588091, 594428, 589835, 585934, 585826, 587798, 577167, 589195, 583925, 577928, 581649, 581807	349	18	1094	2.0897803247373448	0.999999107642983	0.41476753592766724	14.431096731387438
GOTERM_BP_ALL	GO:0072594~establishment of protein localization to organelle	12	0.4840661557079467	0.009348743372909684	588091, 594428, 589835, 585934, 585826, 587798, 577167, 589195, 583925, 577928, 581649, 581807	349	18	1094	2.0897803247373448	0.999999107642983	0.41476753592766724	14.431096731387438
GOTERM_BP_ALL	GO:0044267~cellular protein metabolic process	98	3.953206938281565	0.010964085678998432	100890790, 590262, 577881, 753658, 100889149, 579219, 578034, 578380, 583048, 588415, 591498, 587575, 594523, 581896, 575080, 579019, 762933, 589147, 575681, 583455, 575334, 582945, 593029, 752305, 577255, 588867, 591601, 583426, 581769, 577044, 591189, 576972, 578606, 575347, 581053, 752151, 587414, 582417, 591809, 579530, 593744, 581576, 580806, 590611, 580307, 586769, 588659, 576984, 575225, 581807, 590445, 583958, 577885, 590942, 587539, 578962, 575157, 583925, 593983, 582165, 592674, 585461, 590968, 586283, 752566, 591341, 577730, 582011, 578762, 585056, 585921, 580522, 583162, 585458, 589183, 580926, 586329, 578258, 581865, 100892988, 591240, 373196, 584413, 578794, 579300, 583564, 578700, 587448, 580091, 577982, 587798, 588505, 575790, 592289, 577787, 594128, 754757, 580746	349	256	1094	1.1999910458452723	0.9999999206607272	0.4542194155412387	16.717001837784395
GOTERM_BP_ALL	GO:0044271~cellular nitrogen compound biosynthetic process	98	3.953206938281565	0.012518781716063212	577881, 753658, 579219, 593673, 591935, 578034, 373339, 583048, 588415, 584640, 591498, 579751, 587575, 594523, 575080, 579019, 592015, 590056, 579207, 575681, 590061, 592365, 575210, 582945, 593029, 577255, 585635, 100894124, 588867, 583426, 581769, 584369, 577044, 591189, 578214, 590047, 578606, 752151, 587414, 582417, 591809, 593744, 581576, 586014, 580307, 586769, 588659, 548622, 575225, 593496, 583958, 373348, 580902, 588945, 373382, 574588, 577020, 581160, 752563, 592057, 593983, 575247, 586283, 591341, 582011, 576006, 588680, 580522, 585458, 589183, 100892475, 580926, 581274, 581865, 586275, 751845, 373196, 584413, 578317, 578794, 579300, 582049, 583564, 753537, 587448, 592650, 577982, 576519, 373200, 577702, 574069, 575790, 592289, 579081, 577787, 579085, 754757, 580746	349	257	1094	1.195321819985952	0.9999999923038078	0.48687385964152097	18.862786925616337
GOTERM_BP_ALL	GO:0044238~primary metabolic process	212	8.551835417507059	0.012603278947344108	590262, 100889149, 580958, 579219, 591788, 100891910, 578380, 594039, 584640, 591498, 591899, 590254, 579751, 587575, 589657, 575080, 579019, 579207, 589147, 592365, 575334, 582945, 585635, 579931, 575751, 100894124, 591601, 584369, 584962, 576972, 575347, 581053, 580433, 752151, 588773, 582417, 579530, 593744, 580806, 581576, 105442738, 590611, 580307, 582829, 588659, 548622, 576984, 581807, 548616, 593496, 583958, 590942, 592592, 583929, 578962, 586702, 590747, 592057, 583925, 592674, 579591, 585461, 590838, 579307, 577730, 100890097, 585056, 592267, 100891893, 578453, 580522, 588680, 585458, 580926, 586329, 751845, 580001, 373196, 578317, 579300, 578700, 587448, 592650, 578850, 588505, 577702, 593509, 575790, 592289, 583913, 594128, 584496, 579085, 754757, 580746, 100890790, 577881, 753658, 577166, 757121, 105447413, 578233, 593673, 578228, 578034, 373339, 588415, 583048, 594523, 581896, 592015, 590056, 762933, 583455, 575681, 590061, 577570, 593029, 591581, 752305, 577255, 588867, 583426, 581769, 577044, 591435, 591189, 578214, 592142, 586832, 590047, 582628, 578606, 753057, 587412, 585797, 105438529, 587414, 591809, 594541, 586158, 100891218, 588854, 586014, 586769, 575952, 587803, 575225, 590445, 575553, 373348, 577885, 580902, 591121, 588945, 587539, 373382, 589486, 574588, 586103, 580493, 575157, 581160, 754661, 752563, 593983, 582165, 575247, 590968, 586283, 754268, 752566, 591341, 582919, 582011, 576006, 578762, 585921, 575632, 578259, 583162, 577954, 589183, 100892475, 583163, 578258, 100892988, 581274, 581865, 586275, 105446002, 591240, 584413, 578794, 583564, 582049, 105438010, 753537, 762952, 580091, 577982, 576519, 587798, 373200, 592407, 574069, 100888496, 592405, 587908, 577787, 105441620, 575819	349	608	1094	1.0930101040567033	0.9999999932210497	0.47722363275429636	18.977907965301853
GOTERM_BP_ALL	GO:0051168~nuclear export	9	0.3630496167809601	0.013450681392311228	579931, 587798, 575632, 591189, 580001, 581649, 575952, 585590, 593673	349	12	1094	2.351002865329513	0.9999999981024998	0.48799673878555383	20.123971698286912
GOTERM_BP_ALL	GO:0006913~nucleocytoplasmic transport	9	0.3630496167809601	0.013450681392311228	579931, 587798, 575632, 591189, 580001, 581649, 575952, 585590, 593673	349	12	1094	2.351002865329513	0.9999999981024998	0.48799673878555383	20.123971698286912
GOTERM_BP_ALL	GO:0051169~nuclear transport	9	0.3630496167809601	0.013450681392311228	579931, 587798, 575632, 591189, 580001, 581649, 575952, 585590, 593673	349	12	1094	2.351002865329513	0.9999999981024998	0.48799673878555383	20.123971698286912
GOTERM_BP_ALL	GO:0000470~maturation of LSU-rRNA	6	0.24203307785397335	0.014131232142484618	579931, 591809, 591121, 577044, 591435, 577954	349	6	1094	3.1346704871060176	0.999999999318073	0.49380934387324626	21.03332940553463
GOTERM_BP_ALL	GO:0071704~organic substance metabolic process	221	8.91488503428802	0.014422319628238672	590262, 100889149, 580958, 579219, 591788, 100891910, 578380, 594039, 584640, 591498, 591899, 590254, 579751, 587575, 589657, 575080, 581305, 579019, 579207, 589147, 592365, 575334, 582945, 585635, 579931, 575751, 100894124, 591601, 584369, 584962, 576972, 575347, 581053, 580433, 752151, 588773, 582417, 585810, 579530, 593744, 580806, 581576, 590611, 105442738, 580307, 582829, 588659, 548622, 576984, 581807, 548616, 593496, 583958, 590942, 592592, 583929, 578962, 586702, 590747, 592057, 583925, 592674, 579591, 585461, 590838, 579307, 577730, 580863, 100890097, 585056, 592267, 100891893, 578453, 580522, 588680, 585458, 580926, 586329, 751845, 580001, 373196, 578317, 579300, 578700, 587448, 592650, 578850, 588505, 577702, 593509, 575790, 592289, 579081, 583913, 594128, 579085, 584496, 754757, 580746, 100890790, 577881, 753658, 577166, 757121, 105447413, 578233, 592958, 593673, 578228, 578034, 591935, 373339, 588415, 583048, 594523, 581896, 592015, 590056, 762933, 583455, 575681, 590061, 577570, 575210, 593029, 591581, 752305, 577255, 588867, 581769, 583426, 577044, 591435, 591189, 578214, 592142, 586832, 590047, 582628, 578606, 753057, 586173, 587412, 585797, 105438529, 587414, 591809, 594541, 586158, 100891218, 588854, 586014, 586769, 575952, 587803, 575225, 590445, 575553, 373348, 577885, 580902, 591121, 588945, 587539, 373382, 577020, 589486, 574588, 586103, 580493, 575157, 581160, 754661, 752563, 593983, 582165, 575247, 590968, 754268, 586283, 752566, 591341, 582919, 582011, 576006, 578762, 585921, 575632, 578259, 583162, 577954, 589183, 100892475, 583163, 578258, 100892988, 581274, 581865, 586275, 105446002, 591240, 584413, 578794, 583564, 582049, 105438010, 753537, 762952, 580091, 577982, 576519, 587798, 373200, 592407, 574069, 100888496, 592405, 587908, 105441620, 577787, 575819	349	638	1094	1.0858341342483226	0.9999999995599064	0.4899523116135239	21.419304704365384
GOTERM_BP_ALL	GO:0006413~translational initiation	8	0.3227107704719645	0.014576638445085284	587575, 582011, 592289, 575080, 586283, 591189, 752151, 578606	349	10	1094	2.5077363896848137	0.9999999996511069	0.4830900157538264	21.623208122395077
GOTERM_BP_ALL	GO:0006839~mitochondrial transport	8	0.3227107704719645	0.014576638445085284	588091, 589835, 581274, 585934, 585826, 577167, 589195, 577928	349	10	1094	2.5077363896848137	0.9999999996511069	0.4830900157538264	21.623208122395077
GOTERM_BP_ALL	GO:0070585~protein localization to mitochondrion	7	0.28237192416296897	0.015069672934258056	588091, 589835, 585934, 585826, 577167, 589195, 577928	349	8	1094	2.7428366762177654	0.9999999998338993	0.4843395006677875	22.271334043926338
GOTERM_BP_ALL	GO:0000460~maturation of 5.8S rRNA	7	0.28237192416296897	0.015069672934258056	579931, 575751, 591435, 575632, 577954, 575819, 578233	349	8	1094	2.7428366762177654	0.9999999998338993	0.4843395006677875	22.271334043926338
GOTERM_BP_ALL	GO:0072655~establishment of protein localization to mitochondrion	7	0.28237192416296897	0.015069672934258056	588091, 589835, 585934, 585826, 577167, 589195, 577928	349	8	1094	2.7428366762177654	0.9999999998338993	0.4843395006677875	22.271334043926338
GOTERM_BP_ALL	GO:0006626~protein targeting to mitochondrion	7	0.28237192416296897	0.015069672934258056	588091, 589835, 585934, 585826, 577167, 589195, 577928	349	8	1094	2.7428366762177654	0.9999999998338993	0.4843395006677875	22.271334043926338
GOTERM_BP_ALL	GO:1990542~mitochondrial transmembrane transport	7	0.28237192416296897	0.015069672934258056	588091, 589835, 581274, 585934, 577167, 589195, 577928	349	8	1094	2.7428366762177654	0.9999999998338993	0.4843395006677875	22.271334043926338
GOTERM_BP_ALL	GO:0019538~protein metabolic process	100	4.033884630899556	0.016294287511063738	100890790, 590262, 577881, 753658, 100889149, 579219, 578034, 578380, 583048, 588415, 591498, 587575, 594523, 581896, 575080, 579019, 762933, 589147, 575681, 583455, 575334, 582945, 593029, 591581, 752305, 577255, 588867, 583426, 591601, 581769, 577044, 591189, 576972, 578606, 575347, 581053, 752151, 587414, 582417, 591809, 579530, 593744, 581576, 580806, 590611, 580307, 586769, 588659, 575952, 576984, 575225, 581807, 590445, 583958, 577885, 590942, 587539, 578962, 575157, 583925, 593983, 582165, 592674, 585461, 590968, 586283, 752566, 591341, 577730, 582011, 578762, 585056, 585921, 580522, 583162, 585458, 589183, 580926, 586329, 578258, 581865, 100892988, 591240, 373196, 584413, 578794, 579300, 583564, 578700, 587448, 580091, 577982, 587798, 588505, 575790, 592289, 577787, 594128, 754757, 580746	349	265	1094	1.1828945234362327	0.9999999999737529	0.5014737266245612	23.85944580099504
GOTERM_BP_ALL	GO:0043170~macromolecule metabolic process	171	6.897942718838242	0.019181460628431336	100890790, 590262, 577881, 753658, 100889149, 580958, 105447413, 578233, 579219, 593673, 578228, 578034, 578380, 594039, 373339, 588415, 583048, 584640, 591498, 590254, 594523, 587575, 575080, 581896, 579019, 592015, 762933, 579207, 589147, 583455, 575681, 575334, 593029, 582945, 591581, 752305, 577255, 585635, 579931, 575751, 588867, 581769, 583426, 591601, 577044, 591435, 591189, 584962, 578214, 576972, 590047, 582628, 578606, 575347, 581053, 580433, 105438529, 752151, 587414, 588773, 582417, 585810, 591809, 594541, 579530, 593744, 100891218, 580806, 581576, 588854, 105442738, 590611, 586014, 580307, 588659, 582829, 586769, 587803, 575225, 576984, 575952, 581807, 593496, 590445, 583958, 577885, 373348, 580902, 590942, 591121, 587539, 589486, 574588, 586103, 578962, 580493, 575157, 581160, 586702, 754661, 590747, 752563, 592057, 583925, 593983, 582165, 592674, 575247, 579591, 590968, 585461, 754268, 586283, 752566, 591341, 577730, 582919, 582011, 578762, 585056, 592267, 585921, 575632, 580522, 583162, 577954, 589183, 585458, 583163, 580926, 100892475, 578258, 586329, 100892988, 581865, 586275, 105446002, 591240, 751845, 580001, 373196, 578317, 584413, 579300, 578794, 583564, 578700, 753537, 587448, 580091, 578850, 577982, 576519, 587798, 373200, 588505, 577702, 592407, 592289, 575790, 100888496, 592405, 587908, 577787, 105441620, 583913, 594128, 575819, 584496, 754757, 580746	349	483	1094	1.1097901724536832	0.9999999999996643	0.5497022473151887	27.483754103893265
GOTERM_BP_ALL	GO:0008152~metabolic process	235	9.479628882613957	0.019726067074629094	590262, 100889149, 580958, 590365, 579219, 591788, 100891910, 578380, 594039, 584640, 591498, 591899, 590254, 579751, 587575, 589657, 575080, 579019, 581305, 579207, 589147, 592365, 575334, 582945, 585635, 579931, 575751, 100894124, 591601, 584369, 584962, 576972, 575347, 581053, 580433, 579033, 752151, 588773, 582417, 585810, 579530, 593744, 580806, 581576, 590611, 105442738, 100888453, 580307, 588659, 582829, 548622, 576984, 581807, 593496, 548616, 583958, 590942, 592592, 583929, 578962, 586702, 590747, 592057, 583925, 592674, 579591, 585461, 590838, 579307, 577730, 578310, 580863, 100890097, 585056, 592267, 100891893, 578453, 580522, 588680, 585458, 580926, 586329, 751845, 580001, 373196, 578317, 579300, 575690, 592372, 578700, 587448, 592650, 578850, 100891647, 588505, 577702, 593509, 592289, 575790, 579081, 583913, 594128, 579085, 584496, 754757, 580746, 100890790, 580646, 577881, 753658, 577166, 592952, 757121, 105447413, 578233, 592958, 593673, 577900, 578228, 578034, 591935, 373339, 588415, 583048, 594523, 581896, 592015, 590056, 762933, 583455, 575681, 590061, 577570, 575210, 593029, 591581, 752305, 577255, 588867, 581769, 583426, 577044, 591435, 591189, 578214, 592142, 586832, 590047, 582628, 578606, 753057, 586173, 587412, 585797, 105438529, 587414, 591809, 594541, 586158, 100891218, 588854, 586014, 586769, 575225, 575952, 587803, 590445, 575553, 373348, 577885, 580902, 591121, 588945, 587539, 373382, 577020, 589486, 574588, 581020, 586103, 580493, 575157, 581160, 754661, 752563, 593983, 582165, 575247, 590968, 754268, 586283, 752566, 591341, 582919, 582011, 576006, 578762, 585921, 575632, 578259, 577954, 583162, 589183, 100892475, 583163, 578258, 581865, 100892988, 581274, 586275, 105446002, 591240, 580475, 584413, 578794, 583564, 590472, 582049, 579795, 105438010, 753537, 762952, 580091, 577982, 576519, 587798, 373200, 592407, 574069, 100888496, 592405, 587908, 105441620, 577787, 575819	349	686	1094	1.0738302689065802	0.9999999999998527	0.5500164785124858	28.14896766199535
GOTERM_BP_ALL	GO:0044237~cellular metabolic process	218	8.793868495361034	0.020832986863463653	590262, 100889149, 580958, 579219, 100891910, 578380, 594039, 584640, 591498, 591899, 590254, 579751, 587575, 589657, 575080, 581305, 579019, 579207, 589147, 592365, 575334, 582945, 585635, 579931, 575751, 100894124, 591601, 584369, 584962, 576972, 575347, 581053, 580433, 752151, 588773, 582417, 585810, 579530, 593744, 580806, 581576, 105442738, 590611, 100888453, 580307, 582829, 588659, 548622, 576984, 581807, 548616, 593496, 583958, 590942, 592592, 583929, 578962, 586702, 590747, 592057, 583925, 592674, 579591, 585461, 590838, 579307, 577730, 578310, 580863, 100890097, 585056, 592267, 100891893, 578453, 580522, 588680, 585458, 580926, 586329, 751845, 580001, 373196, 578317, 579300, 578700, 587448, 592650, 578850, 588505, 577702, 593509, 575790, 592289, 579081, 583913, 594128, 579085, 584496, 754757, 580746, 100890790, 580646, 577881, 753658, 577166, 757121, 105447413, 578233, 592958, 593673, 578228, 578034, 591935, 373339, 588415, 583048, 594523, 581896, 592015, 590056, 762933, 583455, 575681, 590061, 577570, 575210, 593029, 752305, 577255, 588867, 581769, 583426, 577044, 591435, 591189, 578214, 590047, 582628, 578606, 753057, 585797, 586173, 105438529, 587414, 591809, 594541, 586158, 100891218, 588854, 586014, 586769, 575952, 587803, 575225, 590445, 575553, 373348, 577885, 580902, 591121, 588945, 587539, 373382, 577020, 589486, 574588, 586103, 580493, 575157, 581160, 754661, 752563, 593983, 582165, 575247, 590968, 754268, 586283, 752566, 591341, 582919, 582011, 576006, 578762, 585921, 575632, 578259, 583162, 577954, 589183, 100892475, 583163, 578258, 100892988, 581274, 581865, 586275, 105446002, 591240, 584413, 578794, 583564, 582049, 753537, 762952, 580091, 577982, 576519, 587798, 373200, 592407, 574069, 100888496, 592405, 587908, 577787, 105441620, 575819	349	632	1094	1.0812629211853033	0.9999999999999725	0.5602826683877722	29.483389910379643
GOTERM_BP_ALL	GO:0033365~protein localization to organelle	13	0.5244050020169424	0.032367516947140615	588091, 594428, 581255, 589835, 585934, 585826, 587798, 577167, 577928, 589195, 583925, 581649, 581807	349	23	1094	1.7717702753207925	1.0	0.7138259272502694	42.0703259442224
GOTERM_BP_ALL	GO:0006754~ATP biosynthetic process	6	0.24203307785397335	0.03660006783985139	579751, 581274, 576006, 373382, 548622, 579085	349	7	1094	2.6868604175194433	1.0	0.7490251995882304	46.13434959335127
GOTERM_BP_ALL	GO:0015986~ATP synthesis coupled proton transport	6	0.24203307785397335	0.03660006783985139	579751, 581274, 576006, 373382, 548622, 579085	349	7	1094	2.6868604175194433	1.0	0.7490251995882304	46.13434959335127
GOTERM_BP_ALL	GO:0015985~energy coupled proton transport, down electrochemical gradient	6	0.24203307785397335	0.03660006783985139	579751, 581274, 576006, 373382, 548622, 579085	349	7	1094	2.6868604175194433	1.0	0.7490251995882304	46.13434959335127
GOTERM_BP_ALL	GO:0006354~DNA-templated transcription, elongation	6	0.24203307785397335	0.03660006783985139	583564, 581769, 592015, 584640, 593673, 753537	349	7	1094	2.6868604175194433	1.0	0.7490251995882304	46.13434959335127
GOTERM_BP_ALL	GO:0051674~localization of cell	5	0.20169423154497781	0.03781930698623795	592674, 373309, 581980, 580528, 373503	349	5	1094	3.134670487106017	1.0	0.7520407289081836	47.25436789536527
GOTERM_BP_ALL	GO:0048870~cell motility	5	0.20169423154497781	0.03781930698623795	592674, 373309, 581980, 580528, 373503	349	5	1094	3.134670487106017	1.0	0.7520407289081836	47.25436789536527
GOTERM_BP_ALL	GO:0000466~maturation of 5.8S rRNA from tricistronic rRNA transcript (SSU-rRNA, 5.8S rRNA, LSU-rRNA)	5	0.20169423154497781	0.03781930698623795	575751, 591435, 575632, 575819, 578233	349	5	1094	3.134670487106017	1.0	0.7520407289081836	47.25436789536527
GOTERM_BP_ALL	GO:0016477~cell migration	5	0.20169423154497781	0.03781930698623795	592674, 373309, 581980, 580528, 373503	349	5	1094	3.134670487106017	1.0	0.7520407289081836	47.25436789536527
GOTERM_BP_ALL	GO:0000469~cleavage involved in rRNA processing	5	0.20169423154497781	0.03781930698623795	575751, 577044, 575632, 575819, 578233	349	5	1094	3.134670487106017	1.0	0.7520407289081836	47.25436789536527
GOTERM_BP_ALL	GO:0046907~intracellular transport	26	1.0488100040338848	0.04208151333351501	579931, 581274, 585826, 577167, 591189, 585806, 580001, 373418, 593673, 585934, 583925, 589195, 577928, 581649, 588091, 753616, 594428, 589835, 587798, 586589, 584285, 575952, 581807, 575632, 576727, 585590	349	58	1094	1.405197114909594	1.0	0.7808607567715704	51.000137561719484
GOTERM_BP_ALL	GO:0009056~catabolic process	40	1.6135538523598225	0.042156507703392646	587539, 100894124, 591601, 583929, 577166, 100889149, 591189, 757121, 578962, 578233, 581053, 583564, 582165, 587412, 752151, 592674, 585461, 581896, 579530, 590611, 587798, 762933, 588505, 576984, 581807, 548616, 592365, 590445, 577570, 575334, 578762, 100890097, 585921, 578453, 594128, 591581, 575819, 752305, 754757, 590942	349	97	1094	1.292647623548873	1.0	0.7735983532068365	51.06374978761345
GOTERM_BP_ALL	GO:1901575~organic substance catabolic process	40	1.6135538523598225	0.042156507703392646	587539, 100894124, 591601, 583929, 577166, 100889149, 591189, 757121, 578962, 578233, 581053, 583564, 582165, 587412, 752151, 592674, 585461, 581896, 579530, 590611, 587798, 762933, 588505, 576984, 581807, 548616, 592365, 590445, 577570, 575334, 578762, 100890097, 585921, 578453, 594128, 591581, 575819, 752305, 754757, 590942	349	97	1094	1.292647623548873	1.0	0.7735983532068365	51.06374978761345
GOTERM_BP_ALL	GO:1902600~hydrogen ion transmembrane transport	9	0.3630496167809601	0.04318389114052788	575822, 579751, 581274, 576006, 373382, 575210, 548622, 585797, 579085	349	14	1094	2.0151453131395822	1.0	0.7741435070217871	51.92742701749133
GOTERM_BP_ALL	GO:0006818~hydrogen transport	9	0.3630496167809601	0.04318389114052788	575822, 579751, 581274, 576006, 373382, 575210, 548622, 585797, 579085	349	14	1094	2.0151453131395822	1.0	0.7741435070217871	51.92742701749133
GOTERM_BP_ALL	GO:0015992~proton transport	9	0.3630496167809601	0.04318389114052788	575822, 579751, 581274, 576006, 373382, 575210, 548622, 585797, 579085	349	14	1094	2.0151453131395822	1.0	0.7741435070217871	51.92742701749133
GOTERM_BP_ALL	GO:0006886~intracellular protein transport	15	0.6050826946349335	0.06080508677966912	588091, 753616, 594428, 589835, 585934, 585826, 587798, 577167, 577928, 589195, 585806, 583925, 576727, 581649, 581807	349	30	1094	1.5673352435530086	1.0	0.8734826743056265	64.68569441839071
GOTERM_BP_ALL	GO:0006417~regulation of translation	7	0.28237192416296897	0.061143328121750246	587575, 592289, 591189, 580746, 752151, 583455, 578606	349	10	1094	2.1942693409742122	1.0	0.869194755100333	64.89612717832789
GOTERM_BP_ALL	GO:0010608~posttranscriptional regulation of gene expression	7	0.28237192416296897	0.061143328121750246	587575, 592289, 591189, 580746, 752151, 583455, 578606	349	10	1094	2.1942693409742122	1.0	0.869194755100333	64.89612717832789
GOTERM_BP_ALL	GO:0044248~cellular catabolic process	36	1.4521984671238404	0.06193008452653685	587539, 100894124, 591601, 583929, 577166, 100889149, 591189, 578962, 578233, 581053, 583564, 582165, 752151, 592674, 585461, 581896, 590611, 587798, 762933, 588505, 576984, 581807, 548616, 592365, 590445, 577570, 575334, 578762, 100890097, 585921, 578453, 594128, 575819, 752305, 754757, 590942	349	88	1094	1.2823651992706433	1.0	0.8669753258848268	65.38104893857755
GOTERM_BP_ALL	GO:1902580~single-organism cellular localization	13	0.5244050020169424	0.06474127985373139	588091, 594428, 581255, 589835, 373401, 581274, 585934, 587798, 577167, 577928, 589195, 581649, 584285	349	25	1094	1.6300286532951291	1.0	0.8735517882582053	67.06280569479972
GOTERM_BP_ALL	GO:0046034~ATP metabolic process	11	0.44372730939895116	0.0675009737572114	575347, 591899, 548616, 592650, 579751, 581274, 576006, 373382, 548622, 585797, 579085	349	20	1094	1.7240687679083093	1.0	0.8793856056633318	68.63883489522557
GOTERM_BP_ALL	GO:0042274~ribosomal small subunit biogenesis	9	0.3630496167809601	0.06753412964828015	578794, 579591, 592405, 589486, 575632, 586103, 580493, 575681, 583163	349	15	1094	1.8808022922636105	1.0	0.8743064052302385	68.65733161869377
GOTERM_BP_ALL	GO:0009124~nucleoside monophosphate biosynthetic process	9	0.3630496167809601	0.06753412964828015	582049, 592650, 579751, 588945, 581274, 576006, 373382, 548622, 579085	349	15	1094	1.8808022922636105	1.0	0.8743064052302385	68.65733161869377
GOTERM_BP_ALL	GO:0009156~ribonucleoside monophosphate biosynthetic process	9	0.3630496167809601	0.06753412964828015	582049, 592650, 579751, 588945, 581274, 576006, 373382, 548622, 579085	349	15	1094	1.8808022922636105	1.0	0.8743064052302385	68.65733161869377
GOTERM_BP_ALL	GO:0000462~maturation of SSU-rRNA from tricistronic rRNA transcript (SSU-rRNA, 5.8S rRNA, LSU-rRNA)	6	0.24203307785397335	0.07248405934914201	579591, 592405, 589486, 575632, 586103, 575681	349	8	1094	2.3510028653295127	1.0	0.8878609021209597	71.30663613133248
GOTERM_BP_ALL	GO:0030490~maturation of SSU-rRNA	6	0.24203307785397335	0.07248405934914201	579591, 592405, 589486, 575632, 586103, 575681	349	8	1094	2.3510028653295127	1.0	0.8878609021209597	71.30663613133248
GOTERM_BP_ALL	GO:0016070~RNA metabolic process	77	3.1060911657926584	0.07664019434870682	591121, 574588, 589486, 586103, 580958, 578233, 580493, 593673, 581160, 754661, 578228, 590747, 752563, 594039, 373339, 592057, 593983, 584640, 590254, 575247, 579591, 592015, 579207, 575681, 582919, 592267, 575632, 582945, 577954, 577255, 583163, 100892475, 585635, 579931, 575751, 581769, 586275, 577044, 105446002, 591435, 751845, 591189, 584962, 578214, 580001, 373196, 590047, 584413, 578317, 583564, 580433, 105438529, 752151, 588773, 753537, 591809, 594541, 578850, 100891218, 576519, 588854, 586014, 373200, 582829, 588659, 587803, 577702, 593496, 575790, 592405, 587908, 583913, 575819, 373348, 584496, 754757, 580902	349	210	1094	1.1493791786055396	1.0	0.8971020848816912	73.36705077149372
GOTERM_BP_ALL	GO:0006457~protein folding	12	0.4840661557079467	0.0777628294888405	580876, 578227, 581305, 581334, 575873, 578394, 582138, 575808, 588440, 577105, 577887, 577721	349	23	1094	1.63548025414227	1.0	0.8961857973587414	73.89926425257842
GOTERM_BP_ALL	GO:0009127~purine nucleoside monophosphate biosynthetic process	8	0.3227107704719645	0.08174438613810343	582049, 592650, 579751, 581274, 576006, 373382, 548622, 579085	349	13	1094	1.9290279920652413	1.0	0.9038674411423038	75.70734272853407
GOTERM_BP_ALL	GO:0009168~purine ribonucleoside monophosphate biosynthetic process	8	0.3227107704719645	0.08174438613810343	582049, 592650, 579751, 581274, 576006, 373382, 548622, 579085	349	13	1094	1.9290279920652413	1.0	0.9038674411423038	75.70734272853407
GOTERM_BP_ALL	GO:0034622~cellular macromolecular complex assembly	29	1.1698265429608712	0.08420505540505992	579931, 583426, 581865, 577167, 591189, 763450, 580493, 578606, 578794, 580433, 583048, 585797, 105438529, 590254, 587575, 373401, 575080, 577217, 575952, 592407, 583575, 582011, 592289, 575210, 582320, 584496, 754757, 577255, 580926	349	70	1094	1.2986492018010642	1.0	0.906687100767565	76.76519679446994
GOTERM_BP_ALL	GO:0090501~RNA phosphodiester bond hydrolysis	5	0.20169423154497781	0.0851954566736267	575751, 577044, 575632, 575819, 578233	349	6	1094	2.612225405921681	1.0	0.9054000610579215	77.17862943776223
GOTERM_BP_ALL	GO:0001731~formation of translation preinitiation complex	5	0.20169423154497781	0.0851954566736267	587575, 582011, 592289, 575080, 578606	349	6	1094	2.612225405921681	1.0	0.9054000610579215	77.17862943776223
GOTERM_BP_ALL	GO:0006446~regulation of translational initiation	5	0.20169423154497781	0.0851954566736267	587575, 592289, 591189, 752151, 578606	349	6	1094	2.612225405921681	1.0	0.9054000610579215	77.17862943776223
GOTERM_BP_ALL	GO:0032543~mitochondrial translation	5	0.20169423154497781	0.0851954566736267	587448, 594523, 583958, 588415, 587414	349	6	1094	2.612225405921681	1.0	0.9054000610579215	77.17862943776223
GOTERM_BP_ALL	GO:0051649~establishment of localization in cell	27	1.0891488503428801	0.09418060858753746	579931, 581274, 585826, 577167, 591189, 585806, 373418, 580001, 593673, 585934, 583925, 589195, 577928, 581649, 588091, 753616, 594428, 589835, 373401, 587798, 586589, 584285, 575952, 581807, 575632, 576727, 585590	349	65	1094	1.302093894644038	1.0	0.9237344689122452	80.62619812735228
GOTERM_BP_ALL	GO:0071428~rRNA-containing ribonucleoprotein complex export from nucleus	4	0.16135538523598225	0.09763684554822402	579931, 575632, 581649, 585590	349	4	1094	3.134670487106017	1.0	0.9276984890866923	81.81693611184502
GOTERM_BP_ALL	GO:0033750~ribosome localization	4	0.16135538523598225	0.09763684554822402	579931, 575632, 581649, 585590	349	4	1094	3.134670487106017	1.0	0.9276984890866923	81.81693611184502
GOTERM_BP_ALL	GO:0033753~establishment of ribosome localization	4	0.16135538523598225	0.09763684554822402	579931, 575632, 581649, 585590	349	4	1094	3.134670487106017	1.0	0.9276984890866923	81.81693611184502
GOTERM_BP_ALL	GO:0000054~ribosomal subunit export from nucleus	4	0.16135538523598225	0.09763684554822402	579931, 575632, 581649, 585590	349	4	1094	3.134670487106017	1.0	0.9276984890866923	81.81693611184502
GOTERM_BP_ALL	GO:0007006~mitochondrial membrane organization	4	0.16135538523598225	0.09763684554822402	588091, 589835, 577167, 589195	349	4	1094	3.134670487106017	1.0	0.9276984890866923	81.81693611184502
GOTERM_BP_ALL	GO:0030150~protein import into mitochondrial matrix	4	0.16135538523598225	0.09763684554822402	585934, 577167, 589195, 577928	349	4	1094	3.134670487106017	1.0	0.9276984890866923	81.81693611184502
GOTERM_BP_ALL	GO:0043933~macromolecular complex subunit organization	37	1.4925373134328357	0.09850850892841695	579931, 583426, 581769, 581865, 577167, 591189, 763450, 580493, 578606, 578794, 580433, 373339, 583048, 593983, 584640, 585797, 105438529, 590254, 587575, 577217, 373401, 575080, 580307, 588659, 575952, 592407, 583575, 592289, 582011, 575210, 582320, 373348, 584496, 754757, 577255, 580746, 580926	349	94	1094	1.2338596598183258	1.0	0.9262208071093273	82.10618891858793
GOTERM_BP_ALL	GO:0009057~macromolecule catabolic process	29	1.1698265429608712	0.09898864853910647	587539, 591601, 591189, 100889149, 578962, 578233, 581053, 583564, 582165, 752151, 592674, 585461, 581896, 590611, 587798, 762933, 588505, 576984, 581807, 590445, 575334, 578762, 585921, 594128, 575819, 591581, 752305, 754757, 590942	349	71	1094	1.2803583679728805	1.0	0.9239528420283545	82.26366588254407
GOTERM_BP_ALL	GO:0006403~RNA localization	7	0.28237192416296897	0.09939331012189119	587798, 577167, 591189, 580001, 575819, 575952, 593673	349	11	1094	1.9947903099765565	1.0	0.921533754831043	82.39537512790336
GOTERM_BP_ALL	GO:0034248~regulation of cellular amide metabolic process	7	0.28237192416296897	0.09939331012189119	587575, 592289, 591189, 580746, 752151, 583455, 578606	349	11	1094	1.9947903099765565	1.0	0.921533754831043	82.39537512790336
