Category	Term	Count	%	PValue	Genes	List Total	Pop Hits	Pop Total	Fold Enrichment	Bonferroni	Benjamini	FDR
GOTERM_BP_ALL	GO:0022613~ribonucleoprotein complex biogenesis	23	4.299065420560748	1.2837867026642736E-8	591121, 587575, 579591, 575080, 581865, 588854, 577044, 589486, 586103, 575126, 578233, 580493, 578606, 582919, 582011, 592405, 587044, 592267, 575632, 577954, 585590, 105438529, 577255	99	68	1094	3.73767082590612	1.0244565449180065E-5	1.0244565449180065E-5	1.9699689535190856E-5
GOTERM_BP_ALL	GO:0042254~ribosome biogenesis	17	3.177570093457944	1.076483318412912E-6	591121, 579591, 581865, 588854, 577044, 589486, 586103, 575126, 578233, 580493, 582919, 592405, 587044, 592267, 575632, 577954, 585590	99	48	1094	3.913720538720539	8.586652862245803E-4	4.294248459614236E-4	0.0016518495939976674
GOTERM_BP_ALL	GO:0016072~rRNA metabolic process	12	2.2429906542056073	1.5241633580131128E-5	582919, 591121, 579591, 592405, 577044, 588854, 589486, 575632, 586103, 577954, 578233, 580493	99	29	1094	4.572622779519332	0.012089247002489922	0.004046097829040862	0.02338571162175951
GOTERM_BP_ALL	GO:0006364~rRNA processing	12	2.2429906542056073	1.5241633580131128E-5	582919, 591121, 579591, 592405, 577044, 588854, 589486, 575632, 586103, 577954, 578233, 580493	99	29	1094	4.572622779519332	0.012089247002489922	0.004046097829040862	0.02338571162175951
GOTERM_BP_ALL	GO:0034660~ncRNA metabolic process	15	2.803738317757009	2.4490058346184357E-5	591121, 579591, 588854, 577044, 589486, 584962, 586103, 578233, 580493, 582919, 575790, 592405, 575632, 582945, 577954	99	47	1094	3.52675693101225	0.01935357347712452	0.004873910232038869	0.03757336448483306
GOTERM_BP_ALL	GO:0034470~ncRNA processing	13	2.4299065420560746	1.5638685705714206E-4	582919, 591121, 579591, 592405, 577044, 588854, 589486, 584962, 575632, 586103, 577954, 578233, 580493	99	42	1094	3.4203944203944205	0.11733229234962717	0.024652337135914637	0.2397064533213089
GOTERM_BP_ALL	GO:0071840~cellular component organization or biogenesis	38	7.102803738317758	3.4523229106899866E-4	591121, 581865, 577044, 589486, 586103, 578233, 580493, 578606, 589392, 585934, 587044, 577928, 589195, 588415, 591498, 105438529, 373503, 587414, 587575, 579591, 575080, 589835, 588854, 587798, 580307, 575126, 582919, 582011, 763690, 583958, 592405, 592267, 575632, 577954, 373348, 580528, 577255, 585590	99	250	1094	1.6796767676767674	0.24084016250276996	0.044885282196870824	0.5284487691781359
GOTERM_BP_ALL	GO:0010467~gene expression	41	7.663551401869159	5.396953581410335E-4	591121, 581865, 577044, 589486, 584962, 580958, 586103, 578233, 373196, 580493, 578317, 578606, 752563, 594039, 588415, 591498, 105438529, 752151, 587414, 587575, 579591, 575080, 586283, 588854, 576519, 580307, 583455, 582919, 593496, 575790, 582011, 583958, 592405, 582945, 575632, 593029, 577954, 373348, 585458, 577255, 100892475	99	284	1094	1.595319391094039	0.35000665511855755	0.0596864347172692	0.8249637738956372
GOTERM_BP_ALL	GO:0044085~cellular component biogenesis	25	4.672897196261682	6.484288428948052E-4	591121, 587575, 579591, 575080, 581865, 588854, 577044, 589486, 586103, 575126, 578233, 580493, 578606, 582919, 582011, 592405, 587044, 592267, 575632, 577954, 580528, 585590, 577255, 105438529, 373503	99	140	1094	1.9733044733044733	0.4040592637678361	0.06265302074627876	0.9903989360049659
GOTERM_BP_ALL	GO:0006413~translational initiation	6	1.1214953271028036	9.15342638047479E-4	587575, 582011, 575080, 586283, 752151, 578606	99	10	1094	6.63030303030303	0.5184657567005223	0.07798846811319904	1.395408057018921
GOTERM_BP_ALL	GO:0034641~cellular nitrogen compound metabolic process	53	9.906542056074766	0.0010947753679625613	591121, 588945, 577020, 589486, 586103, 580958, 578233, 580493, 591935, 752563, 594039, 588415, 591498, 587575, 579591, 590968, 575080, 754268, 586283, 583455, 582919, 582011, 592267, 575632, 582945, 593029, 588680, 577954, 585458, 577255, 100892475, 581865, 581274, 577044, 584962, 373196, 578317, 582628, 578606, 575347, 582049, 105438529, 752151, 587414, 588854, 576519, 580307, 574069, 593496, 575790, 583958, 592405, 373348	99	416	1094	1.4078768453768453	0.5827665191075679	0.08369951780119278	1.6668042249490367
GOTERM_BP_ALL	GO:0006412~translation	17	3.177570093457944	0.0014892291365968715	587575, 575080, 581865, 586283, 577044, 580307, 578606, 582011, 575790, 583958, 582945, 593029, 588415, 585458, 591498, 752151, 587414	99	82	1094	2.290958364129096	0.6955628551827375	0.10247771637181435	2.2609717176221067
GOTERM_BP_ALL	GO:0043043~peptide biosynthetic process	17	3.177570093457944	0.001708404229221929	587575, 575080, 581865, 586283, 577044, 580307, 578606, 582011, 575790, 583958, 582945, 593029, 588415, 585458, 591498, 752151, 587414	99	83	1094	2.2633564561275406	0.7444845604293009	0.10747971461117867	2.5896639175134073
GOTERM_BP_ALL	GO:0042273~ribosomal large subunit biogenesis	7	1.3084112149532712	0.002434054939244011	591121, 581865, 577044, 587044, 575632, 577954, 585590	99	17	1094	4.550207961972667	0.8569761113584919	0.13894393647985126	3.670547622446896
GOTERM_BP_ALL	GO:0006807~nitrogen compound metabolic process	54	10.093457943925234	0.002720043673463086	591121, 588945, 577020, 589486, 586103, 580958, 578233, 580493, 591935, 752563, 594039, 588415, 591498, 587575, 579591, 590968, 575080, 754268, 586283, 583455, 582919, 582011, 592267, 575632, 582945, 593029, 588680, 577954, 585458, 577255, 100892475, 581865, 581274, 577044, 584962, 373196, 578317, 582628, 578606, 575347, 582049, 105438529, 752151, 587414, 762952, 588854, 576519, 580307, 574069, 593496, 575790, 583958, 592405, 373348	99	441	1094	1.3531230674087815	0.8862272535001534	0.14380209634899488	4.093450024206868
GOTERM_BP_ALL	GO:0000462~maturation of SSU-rRNA from tricistronic rRNA transcript (SSU-rRNA, 5.8S rRNA, LSU-rRNA)	5	0.9345794392523363	0.003203910517466102	579591, 592405, 589486, 575632, 586103	99	8	1094	6.906565656565657	0.9227590184952463	0.15694381496471854	4.805012242861473
GOTERM_BP_ALL	GO:1990542~mitochondrial transmembrane transport	5	0.9345794392523363	0.003203910517466102	589835, 581274, 585934, 589195, 577928	99	8	1094	6.906565656565657	0.9227590184952463	0.15694381496471854	4.805012242861473
GOTERM_BP_ALL	GO:0030490~maturation of SSU-rRNA	5	0.9345794392523363	0.003203910517466102	579591, 592405, 589486, 575632, 586103	99	8	1094	6.906565656565657	0.9227590184952463	0.15694381496471854	4.805012242861473
GOTERM_BP_ALL	GO:0006396~RNA processing	16	2.990654205607477	0.003232295479335644	591121, 579591, 588854, 577044, 589486, 584962, 586103, 580958, 578233, 580493, 582919, 592405, 575632, 594039, 577954, 105438529	99	80	1094	2.21010101010101	0.9244944747358725	0.1491095079605167	4.846600806522561
GOTERM_BP_ALL	GO:0043604~amide biosynthetic process	17	3.177570093457944	0.0032561484855390356	587575, 575080, 581865, 586283, 577044, 580307, 578606, 582011, 575790, 583958, 582945, 593029, 588415, 585458, 591498, 752151, 587414	99	88	1094	2.13475665748393	0.9259226969952485	0.14195336615157295	4.881536187136648
GOTERM_BP_ALL	GO:1901566~organonitrogen compound biosynthetic process	24	4.485981308411215	0.00463829549324374	762952, 587575, 588945, 575080, 581865, 581274, 586283, 577044, 577020, 580307, 578606, 582049, 591935, 582011, 575790, 583958, 582945, 593029, 588415, 588680, 585458, 591498, 752151, 587414	99	151	1094	1.756371663656432	0.9755217531610231	0.18625600824167532	6.885490447891252
GOTERM_BP_ALL	GO:0044260~cellular macromolecule metabolic process	56	10.46728971962617	0.004670505068757683	591121, 589486, 100889149, 586103, 580958, 578233, 580493, 752563, 594039, 588415, 591498, 587575, 575080, 590968, 579591, 581896, 586283, 754268, 752566, 583455, 582919, 582011, 575334, 578762, 592267, 585921, 575632, 582945, 593029, 577954, 585458, 577255, 100892475, 581865, 591601, 577044, 584962, 373196, 578317, 582628, 578606, 575347, 105438529, 752151, 587414, 580091, 588854, 576519, 587798, 580307, 593496, 575790, 583958, 592405, 373348, 590942	99	472	1094	1.3110768703989042	0.976145773695835	0.17849785481105296	6.93171654070619
GOTERM_BP_ALL	GO:1902582~single-organism intracellular transport	6	1.1214953271028036	0.005429067454433286	589835, 581274, 585934, 587798, 589195, 577928	99	14	1094	4.735930735930736	0.987018097447712	0.19523900811451267	8.014197472142204
GOTERM_BP_ALL	GO:0006518~peptide metabolic process	17	3.177570093457944	0.005826861784985886	587575, 575080, 581865, 586283, 577044, 580307, 578606, 582011, 575790, 583958, 582945, 593029, 588415, 585458, 591498, 752151, 587414	99	93	1094	2.0199847941783426	0.9905660041563529	0.19913938340315573	8.57714086343182
GOTERM_BP_ALL	GO:0043603~cellular amide metabolic process	18	3.364485981308411	0.0062545256789096094	587575, 575080, 581865, 586283, 577044, 580307, 578606, 583455, 582011, 575790, 583958, 582945, 593029, 588415, 585458, 591498, 752151, 587414	99	102	1094	1.9500891265597147	0.9933076178947732	0.20354221724684685	9.178761102090672
GOTERM_BP_ALL	GO:0042274~ribosomal small subunit biogenesis	6	1.1214953271028036	0.007572312551979329	579591, 592405, 589486, 575632, 586103, 580493	99	15	1094	4.42020202020202	0.997678867810251	0.23181608022505662	11.009380274516346
GOTERM_BP_ALL	GO:0017038~protein import	5	0.9345794392523363	0.008344816655853324	589835, 585934, 587798, 589195, 577928	99	10	1094	5.525252525252525	0.9987531114462332	0.24317962029637108	12.066415941715224
GOTERM_BP_ALL	GO:0006839~mitochondrial transport	5	0.9345794392523363	0.008344816655853324	589835, 581274, 585934, 589195, 577928	99	10	1094	5.525252525252525	0.9987531114462332	0.24317962029637108	12.066415941715224
GOTERM_BP_ALL	GO:0043170~macromolecule metabolic process	56	10.46728971962617	0.008497402498561148	591121, 589486, 100889149, 586103, 580958, 578233, 580493, 752563, 594039, 588415, 591498, 587575, 575080, 590968, 579591, 581896, 586283, 754268, 752566, 583455, 582919, 582011, 575334, 578762, 592267, 585921, 575632, 582945, 593029, 577954, 585458, 577255, 100892475, 581865, 591601, 577044, 584962, 373196, 578317, 582628, 578606, 575347, 105438529, 752151, 587414, 580091, 588854, 576519, 587798, 580307, 593496, 575790, 583958, 592405, 373348, 590942	99	483	1094	1.2812179768701506	0.9988971985703994	0.2384474216755894	12.273809680995063
GOTERM_BP_ALL	GO:0022618~ribonucleoprotein complex assembly	8	1.4953271028037385	0.011216996333177177	587575, 582011, 575080, 581865, 580493, 577255, 105438529, 578606	99	29	1094	3.0484151863462214	0.9998768052667318	0.29264380846267646	15.894423565430294
GOTERM_BP_ALL	GO:0007005~mitochondrion organization	8	1.4953271028037385	0.011216996333177177	589835, 585934, 583958, 589195, 588415, 577928, 591498, 587414	99	29	1094	3.0484151863462214	0.9998768052667318	0.29264380846267646	15.894423565430294
GOTERM_BP_ALL	GO:0071826~ribonucleoprotein complex subunit organization	8	1.4953271028037385	0.011216996333177177	587575, 582011, 575080, 581865, 580493, 577255, 105438529, 578606	99	29	1094	3.0484151863462214	0.9998768052667318	0.29264380846267646	15.894423565430294
GOTERM_BP_ALL	GO:0001731~formation of translation preinitiation complex	4	0.7476635514018692	0.011423708200188	587575, 582011, 575080, 578606	99	6	1094	7.367003367003368	0.9998957364854538	0.2879288002734165	16.163827955885925
GOTERM_BP_ALL	GO:0065002~intracellular protein transmembrane transport	4	0.7476635514018692	0.01870167731324866	589835, 585934, 589195, 577928	99	7	1094	6.3145743145743145	0.9999997134218342	0.4161112459059828	25.150774383192655
GOTERM_BP_ALL	GO:0044743~intracellular protein transmembrane import	4	0.7476635514018692	0.01870167731324866	589835, 585934, 589195, 577928	99	7	1094	6.3145743145743145	0.9999997134218342	0.4161112459059828	25.150774383192655
GOTERM_BP_ALL	GO:0071806~protein transmembrane transport	4	0.7476635514018692	0.01870167731324866	589835, 585934, 589195, 577928	99	7	1094	6.3145743145743145	0.9999997134218342	0.4161112459059828	25.150774383192655
GOTERM_BP_ALL	GO:0051246~regulation of protein metabolic process	10	1.8691588785046727	0.019590943373488913	575347, 587575, 578762, 585921, 100889149, 752566, 373196, 752151, 583455, 578606	99	47	1094	2.3511712873415	0.9999998609929199	0.41983303359975455	26.184877619070125
GOTERM_BP_ALL	GO:0016070~RNA metabolic process	28	5.233644859813085	0.022430159789952612	591121, 577044, 589486, 584962, 586103, 580958, 373196, 578233, 580493, 578317, 752563, 594039, 105438529, 752151, 579591, 588854, 576519, 582919, 593496, 575790, 592405, 592267, 582945, 575632, 577954, 373348, 577255, 100892475	99	210	1094	1.4734006734006733	0.9999999862614821	0.4530705243779912	29.39783424209742
GOTERM_BP_ALL	GO:0070585~protein localization to mitochondrion	4	0.7476635514018692	0.028000337390718815	589835, 585934, 589195, 577928	99	8	1094	5.525252525252526	0.9999999998562661	0.518604632277938	35.32496514059296
GOTERM_BP_ALL	GO:0006626~protein targeting to mitochondrion	4	0.7476635514018692	0.028000337390718815	589835, 585934, 589195, 577928	99	8	1094	5.525252525252526	0.9999999998562661	0.518604632277938	35.32496514059296
GOTERM_BP_ALL	GO:0072655~establishment of protein localization to mitochondrion	4	0.7476635514018692	0.028000337390718815	589835, 585934, 589195, 577928	99	8	1094	5.525252525252526	0.9999999998562661	0.518604632277938	35.32496514059296
GOTERM_BP_ALL	GO:0044267~cellular protein metabolic process	32	5.981308411214954	0.03193608599321571	591601, 581865, 577044, 100889149, 373196, 578606, 575347, 588415, 591498, 752151, 587414, 587575, 590968, 580091, 575080, 581896, 586283, 587798, 580307, 752566, 583455, 582011, 575790, 575334, 583958, 578762, 582945, 593029, 585921, 585458, 577255, 590942	99	256	1094	1.3813131313131315	0.9999999999943582	0.5548752070477352	39.22883897200686
GOTERM_BP_ALL	GO:0044271~cellular nitrogen compound biosynthetic process	32	5.981308411214954	0.033647926796524924	588945, 581274, 581865, 577044, 577020, 373196, 578317, 578606, 582049, 591935, 752563, 588415, 591498, 752151, 587414, 587575, 575080, 576519, 586283, 580307, 574069, 593496, 582011, 575790, 583958, 582945, 593029, 588680, 373348, 585458, 577255, 100892475	99	257	1094	1.3759383720473215	0.9999999999986259	0.5629344989214704	40.85709834973861
GOTERM_BP_ALL	GO:0032268~regulation of cellular protein metabolic process	9	1.6822429906542056	0.03647033893343117	575347, 587575, 585921, 100889149, 752566, 373196, 752151, 583455, 578606	99	44	1094	2.2603305785123964	0.9999999999998669	0.5818769266335234	43.45294687481663
GOTERM_BP_ALL	GO:0090304~nucleic acid metabolic process	31	5.794392523364486	0.041532801564577615	591121, 577044, 589486, 584962, 580958, 586103, 373196, 578233, 580493, 578317, 582628, 752563, 594039, 105438529, 752151, 590968, 579591, 754268, 588854, 576519, 582919, 593496, 575790, 592405, 592267, 582945, 575632, 577954, 373348, 577255, 100892475	99	251	1094	1.3648034126121775	0.999999999999998	0.6198443883635125	47.84412983611804
GOTERM_BP_ALL	GO:0030150~protein import into mitochondrial matrix	3	0.5607476635514018	0.042290701473746646	585934, 589195, 577928	99	4	1094	8.287878787878789	0.9999999999999989	0.6162805852622284	48.473408325458344
GOTERM_BP_ALL	GO:0044237~cellular metabolic process	66	12.33644859813084	0.04444441790207576	591121, 588945, 577020, 589486, 100889149, 586103, 580958, 578233, 580493, 591935, 752563, 594039, 588415, 591498, 587575, 581896, 589657, 575080, 590968, 579591, 581305, 586283, 754268, 752566, 583455, 582919, 582011, 575334, 578762, 592267, 585921, 575632, 582945, 593029, 588680, 577954, 585458, 577255, 100892475, 581865, 591601, 581274, 577044, 584962, 373196, 578317, 582628, 578606, 575347, 582049, 105438529, 752151, 587414, 762952, 580091, 576519, 588854, 587798, 580307, 574069, 593496, 575790, 583958, 592405, 373348, 590942	99	632	1094	1.1540084388185654	0.9999999999999998	0.624881095874562	50.22309941672225
GOTERM_BP_ALL	GO:0006457~protein folding	6	1.1214953271028036	0.04766900418043255	578227, 581305, 575873, 582138, 575808, 577721	99	23	1094	2.8827404479578393	1.0	0.6414528181827555	52.73922006302579
GOTERM_BP_ALL	GO:1901564~organonitrogen compound metabolic process	25	4.672897196261682	0.04859896747774457	762952, 587575, 588945, 575080, 581274, 581865, 577044, 586283, 577020, 580307, 578606, 575347, 582049, 591935, 575790, 582011, 583958, 582945, 593029, 588415, 588680, 585458, 591498, 752151, 587414	99	194	1094	1.424034155992919	1.0	0.6391835361750604	53.4424641268366
GOTERM_BP_ALL	GO:0046483~heterocycle metabolic process	38	7.102803738317758	0.049709281229156785	591121, 588945, 581274, 577044, 589486, 577020, 584962, 580958, 586103, 578233, 373196, 580493, 578317, 582628, 575347, 582049, 752563, 594039, 105438529, 752151, 579591, 590968, 754268, 588854, 576519, 582919, 574069, 593496, 575790, 592405, 592267, 582945, 575632, 588680, 577954, 373348, 577255, 100892475	99	327	1094	1.284156550211596	1.0	0.6383929170287976	54.26927661919646
GOTERM_BP_ALL	GO:0019538~protein metabolic process	32	5.981308411214954	0.0500523942165165	591601, 581865, 577044, 100889149, 373196, 578606, 575347, 588415, 591498, 752151, 587414, 587575, 590968, 580091, 575080, 581896, 586283, 587798, 580307, 752566, 583455, 582011, 575790, 575334, 583958, 578762, 582945, 593029, 585921, 585458, 577255, 590942	99	265	1094	1.334400609872308	1.0	0.6319057018638681	54.52199157518536
GOTERM_BP_ALL	GO:0006139~nucleobase-containing compound metabolic process	37	6.915887850467289	0.050734113794785235	591121, 588945, 581274, 577044, 589486, 584962, 580958, 586103, 578233, 373196, 580493, 578317, 582628, 575347, 582049, 752563, 594039, 105438529, 752151, 579591, 590968, 754268, 588854, 576519, 582919, 574069, 593496, 575790, 592405, 592267, 582945, 575632, 588680, 577954, 373348, 577255, 100892475	99	317	1094	1.2898065831819774	1.0	0.6281484431444077	55.02023325878406
GOTERM_BP_ALL	GO:0006417~regulation of translation	4	0.7476635514018692	0.05258649652134311	587575, 752151, 583455, 578606	99	10	1094	4.42020202020202	1.0	0.6330405514056201	56.34841753293496
GOTERM_BP_ALL	GO:0010608~posttranscriptional regulation of gene expression	4	0.7476635514018692	0.05258649652134311	587575, 752151, 583455, 578606	99	10	1094	4.42020202020202	1.0	0.6330405514056201	56.34841753293496
GOTERM_BP_ALL	GO:0071704~organic substance metabolic process	66	12.33644859813084	0.05624051871646002	591121, 588945, 577020, 589486, 100889149, 586103, 580958, 578233, 580493, 591935, 752563, 594039, 588415, 591498, 587575, 581896, 589657, 575080, 590968, 579591, 581305, 586283, 754268, 752566, 583455, 582919, 582011, 575334, 578762, 592267, 585921, 575632, 582945, 593029, 588680, 577954, 585458, 577255, 100892475, 581865, 591601, 581274, 577044, 584962, 373196, 578317, 582628, 578606, 575347, 582049, 105438529, 752151, 587414, 762952, 580091, 576519, 588854, 587798, 580307, 574069, 593496, 575790, 583958, 592405, 373348, 590942	99	638	1094	1.143155694879833	1.0	0.6499936706611005	58.8616017458673
GOTERM_BP_ALL	GO:0006725~cellular aromatic compound metabolic process	38	7.102803738317758	0.056607753091966063	591121, 588945, 581274, 577044, 589486, 577020, 584962, 580958, 586103, 578233, 373196, 580493, 578317, 582628, 575347, 582049, 752563, 594039, 105438529, 752151, 579591, 590968, 754268, 588854, 576519, 582919, 574069, 593496, 575790, 592405, 592267, 582945, 575632, 588680, 577954, 373348, 577255, 100892475	99	330	1094	1.272482399755127	1.0	0.6441965384974433	59.10655557900044
GOTERM_BP_ALL	GO:1902580~single-organism cellular localization	6	1.1214953271028036	0.06526770504234913	589835, 581274, 585934, 587798, 589195, 577928	99	25	1094	2.6521212121212123	1.0	0.689910205826675	64.50263038888333
GOTERM_BP_ALL	GO:0044238~primary metabolic process	63	11.775700934579438	0.06621997302225562	591121, 588945, 589486, 100889149, 586103, 580958, 578233, 580493, 752563, 594039, 588415, 591498, 587575, 581896, 589657, 575080, 590968, 579591, 586283, 754268, 752566, 583455, 582919, 582011, 575334, 578762, 592267, 585921, 575632, 582945, 593029, 588680, 577954, 585458, 577255, 100892475, 581865, 591601, 581274, 577044, 584962, 373196, 578317, 582628, 578606, 575347, 582049, 105438529, 752151, 587414, 762952, 580091, 576519, 588854, 587798, 580307, 574069, 593496, 575790, 583958, 592405, 373348, 590942	99	608	1094	1.145035885167464	1.0	0.687542495015015	65.05351930538576
GOTERM_BP_ALL	GO:0000469~cleavage involved in rRNA processing	3	0.5607476635514018	0.06641280816544579	577044, 575632, 578233	99	5	1094	6.63030303030303	1.0	0.6809748211533955	65.16409723163255
GOTERM_BP_ALL	GO:0051345~positive regulation of hydrolase activity	3	0.5607476635514018	0.06641280816544579	575347, 587798, 585921	99	5	1094	6.63030303030303	1.0	0.6809748211533955	65.16409723163255
GOTERM_BP_ALL	GO:0009894~regulation of catabolic process	4	0.7476635514018692	0.06772315059891826	578762, 585921, 100889149, 752151	99	11	1094	4.0183654729109275	1.0	0.680833765523627	65.90687140718157
GOTERM_BP_ALL	GO:0034248~regulation of cellular amide metabolic process	4	0.7476635514018692	0.06772315059891826	587575, 752151, 583455, 578606	99	11	1094	4.0183654729109275	1.0	0.680833765523627	65.90687140718157
GOTERM_BP_ALL	GO:0006605~protein targeting	5	0.9345794392523363	0.06965237872442331	589835, 585934, 587798, 589195, 577928	99	18	1094	3.069584736251403	1.0	0.6840792040907999	66.9735598174003
GOTERM_BP_ALL	GO:0072594~establishment of protein localization to organelle	5	0.9345794392523363	0.06965237872442331	589835, 585934, 587798, 589195, 577928	99	18	1094	3.069584736251403	1.0	0.6840792040907999	66.9735598174003
GOTERM_BP_ALL	GO:1901360~organic cyclic compound metabolic process	38	7.102803738317758	0.06968215801977187	591121, 588945, 581274, 577044, 589486, 577020, 584962, 580958, 586103, 578233, 373196, 580493, 578317, 582628, 575347, 582049, 752563, 594039, 105438529, 752151, 579591, 590968, 754268, 588854, 576519, 582919, 574069, 593496, 575790, 592405, 592267, 582945, 575632, 588680, 577954, 373348, 577255, 100892475	99	335	1094	1.2534901251319162	1.0	0.6770220380293455	66.98977783534478
GOTERM_BP_ALL	GO:0006446~regulation of translational initiation	3	0.5607476635514018	0.09390735814801154	587575, 752151, 578606	99	6	1094	5.525252525252526	1.0	0.7798269359289102	77.98016190632254
GOTERM_BP_ALL	GO:0090501~RNA phosphodiester bond hydrolysis	3	0.5607476635514018	0.09390735814801154	577044, 575632, 578233	99	6	1094	5.525252525252526	1.0	0.7798269359289102	77.98016190632254
GOTERM_BP_ALL	GO:0000470~maturation of LSU-rRNA	3	0.5607476635514018	0.09390735814801154	591121, 577044, 577954	99	6	1094	5.525252525252526	1.0	0.7798269359289102	77.98016190632254
GOTERM_BP_ALL	GO:0032543~mitochondrial translation	3	0.5607476635514018	0.09390735814801154	583958, 588415, 587414	99	6	1094	5.525252525252526	1.0	0.7798269359289102	77.98016190632254
