Category	Term	Count	%	PValue	Genes	List Total	Pop Hits	Pop Total	Fold Enrichment	Bonferroni	Benjamini	FDR
GOTERM_BP_ALL	GO:0051246~regulation of protein metabolic process	9	4.147465437788019	7.484786063329375E-4	575347, 577730, 587575, 578762, 585921, 100889149, 373196, 752151, 583455	50	47	1094	4.189787234042553	0.35323848544986014	0.35323848544986014	1.0952082577637912
GOTERM_BP_ALL	GO:0032268~regulation of cellular protein metabolic process	8	3.686635944700461	0.002514165071302093	575347, 577730, 587575, 585921, 100889149, 373196, 752151, 583455	50	44	1094	3.978181818181818	0.7689420141484947	0.5193150867236364	3.634706198124893
GOTERM_BP_ALL	GO:0052548~regulation of endopeptidase activity	3	1.3824884792626728	0.0057316197486933715	575347, 577730, 585921	50	3	1094	21.88	0.9647538563763602	0.6721283480315899	8.10662818333141
GOTERM_BP_ALL	GO:0052547~regulation of peptidase activity	3	1.3824884792626728	0.0057316197486933715	575347, 577730, 585921	50	3	1094	21.88	0.9647538563763602	0.6721283480315899	8.10662818333141
GOTERM_BP_ALL	GO:0006396~RNA processing	10	4.6082949308755765	0.006991340164762807	591121, 577044, 584962, 575632, 594039, 762595, 580958, 586103, 577954, 105438529	50	80	1094	2.735	0.9831474005232621	0.6396979568728438	9.804211886044778
GOTERM_BP_ALL	GO:0034470~ncRNA processing	7	3.225806451612903	0.009035114548794331	591121, 577044, 584962, 575632, 762595, 586103, 577954	50	42	1094	3.646666666666667	0.9949194513473174	0.652318067474937	12.496329197933553
GOTERM_BP_ALL	GO:0009894~regulation of catabolic process	4	1.8433179723502304	0.010817106955438437	578762, 585921, 100889149, 752151	50	11	1094	7.956363636363636	0.9982177054244478	0.6517990800288935	14.782311828921191
GOTERM_BP_ALL	GO:0030162~regulation of proteolysis	4	1.8433179723502304	0.013972310748050496	575347, 577730, 585921, 100889149	50	12	1094	7.293333333333334	0.9997223724965134	0.6895989279460486	18.693913371690073
GOTERM_BP_ALL	GO:0034660~ncRNA metabolic process	7	3.225806451612903	0.01557394698816038	591121, 577044, 584962, 575632, 762595, 586103, 577954	50	47	1094	3.2587234042553193	0.9998922137062435	0.6807944436945588	20.614850357317128
GOTERM_BP_ALL	GO:0006457~protein folding	5	2.3041474654377883	0.016771436214297816	373207, 586525, 373519, 582138, 588440	50	23	1094	4.756521739130435	0.9999469223981761	0.6650421628851133	22.023342447170123
GOTERM_BP_ALL	GO:0000470~maturation of LSU-rRNA	3	1.3824884792626728	0.026275438311211912	591121, 577044, 577954	50	6	1094	10.94	0.9999998138664131	0.7876841216889015	32.403790597178926
GOTERM_BP_ALL	GO:0022613~ribonucleoprotein complex biogenesis	8	3.686635944700461	0.02771851525391158	591121, 587575, 577044, 592267, 575632, 586103, 577954, 105438529	50	68	1094	2.5741176470588236	0.9999999214849284	0.7740113440729987	33.86231443670508
GOTERM_BP_ALL	GO:0044260~cellular macromolecule metabolic process	29	13.36405529953917	0.030831323836022606	591121, 576760, 577044, 584962, 100889149, 580958, 586103, 373196, 575347, 579797, 594039, 105438529, 752151, 587575, 579019, 586283, 762595, 584839, 583455, 577730, 575334, 578762, 592267, 578688, 575632, 585921, 577954, 585458, 590942	50	472	1094	1.344322033898305	0.9999999878540119	0.7810376708184332	36.909145430144754
GOTERM_BP_ALL	GO:0044743~intracellular protein transmembrane import	3	1.3824884792626728	0.03574303976866827	589835, 585934, 589195	50	7	1094	9.377142857142857	0.999999999368753	0.8039697801801852	41.45191967558788
GOTERM_BP_ALL	GO:0071806~protein transmembrane transport	3	1.3824884792626728	0.03574303976866827	589835, 585934, 589195	50	7	1094	9.377142857142857	0.999999999368753	0.8039697801801852	41.45191967558788
GOTERM_BP_ALL	GO:0065002~intracellular protein transmembrane transport	3	1.3824884792626728	0.03574303976866827	589835, 585934, 589195	50	7	1094	9.377142857142857	0.999999999368753	0.8039697801801852	41.45191967558788
GOTERM_BP_ALL	GO:0042273~ribosomal large subunit biogenesis	4	1.8433179723502304	0.03688081225797261	591121, 577044, 575632, 577954	50	17	1094	5.148235294117647	0.9999999996824731	0.7903206082459088	42.45980316046744
GOTERM_BP_ALL	GO:0006364~rRNA processing	5	2.3041474654377883	0.03690866904912611	591121, 577044, 575632, 586103, 577954	50	29	1094	3.772413793103449	0.9999999996877735	0.7675668978348099	42.484275764398014
GOTERM_BP_ALL	GO:0016072~rRNA metabolic process	5	2.3041474654377883	0.03690866904912611	591121, 577044, 575632, 586103, 577954	50	29	1094	3.772413793103449	0.9999999996877735	0.7675668978348099	42.484275764398014
GOTERM_BP_ALL	GO:0043170~macromolecule metabolic process	29	13.36405529953917	0.04254878816224368	591121, 576760, 577044, 584962, 100889149, 580958, 586103, 373196, 575347, 579797, 594039, 105438529, 752151, 587575, 579019, 586283, 762595, 584839, 583455, 577730, 575334, 578762, 592267, 578688, 575632, 585921, 577954, 585458, 590942	50	483	1094	1.3137060041407866	0.9999999999897696	0.794354950583892	47.24422995081679
GOTERM_BP_ALL	GO:0044267~cellular protein metabolic process	18	8.294930875576037	0.045172292364664995	587575, 576760, 579019, 586283, 577044, 100889149, 762595, 584839, 373196, 583455, 575347, 577730, 575334, 578762, 585921, 585458, 752151, 590942	50	256	1094	1.5384375	0.9999999999979281	0.79454017290813	49.330838503066666
GOTERM_BP_ALL	GO:0006626~protein targeting to mitochondrion	3	1.3824884792626728	0.04631098497110905	589835, 585934, 589195	50	8	1094	8.205	0.9999999999989655	0.7841497467296448	50.21233937744714
GOTERM_BP_ALL	GO:0070585~protein localization to mitochondrion	3	1.3824884792626728	0.04631098497110905	589835, 585934, 589195	50	8	1094	8.205	0.9999999999989655	0.7841497467296448	50.21233937744714
GOTERM_BP_ALL	GO:0072655~establishment of protein localization to mitochondrion	3	1.3824884792626728	0.04631098497110905	589835, 585934, 589195	50	8	1094	8.205	0.9999999999989655	0.7841497467296448	50.21233937744714
GOTERM_BP_ALL	GO:1990542~mitochondrial transmembrane transport	3	1.3824884792626728	0.04631098497110905	589835, 585934, 589195	50	8	1094	8.205	0.9999999999989655	0.7841497467296448	50.21233937744714
GOTERM_BP_ALL	GO:0009451~RNA modification	4	1.8433179723502304	0.04935887077022848	577044, 592267, 584962, 762595	50	19	1094	4.606315789473684	0.9999999999998395	0.7878643069046974	52.50199076204969
GOTERM_BP_ALL	GO:0042254~ribosome biogenesis	6	2.7649769585253456	0.05852155790480499	591121, 577044, 592267, 575632, 586103, 577954	50	48	1094	2.735	0.9999999999999994	0.8270653343132104	58.80811063705629
GOTERM_BP_ALL	GO:0010467~gene expression	19	8.755760368663594	0.058938520823329565	591121, 587575, 576760, 579019, 586283, 577044, 584962, 762595, 580958, 584839, 586103, 373196, 583455, 594039, 575632, 577954, 585458, 105438529, 752151	50	284	1094	1.4638028169014086	0.9999999999999996	0.8142872926666636	59.07561128807123
GOTERM_BP_ALL	GO:0019538~protein metabolic process	18	8.294930875576037	0.06079558229371308	587575, 576760, 579019, 586283, 577044, 100889149, 762595, 584839, 373196, 583455, 575347, 577730, 575334, 578762, 585921, 585458, 752151, 590942	50	265	1094	1.486188679245283	0.9999999999999999	0.8097250864787991	60.247455458693324
GOTERM_BP_ALL	GO:0048522~positive regulation of cellular process	6	2.7649769585253456	0.06301989462713806	575347, 585921, 373196, 580528, 752151, 373503	50	49	1094	2.6791836734693875	1.0	0.8074003724698967	61.60986781402935
GOTERM_BP_ALL	GO:0048518~positive regulation of biological process	6	2.7649769585253456	0.06301989462713806	575347, 585921, 373196, 580528, 752151, 373503	50	49	1094	2.6791836734693875	1.0	0.8074003724698967	61.60986781402935
GOTERM_BP_ALL	GO:0051247~positive regulation of protein metabolic process	4	1.8433179723502304	0.06364216665832485	575347, 585921, 373196, 752151	50	21	1094	4.167619047619048	1.0	0.797014593840377	61.98315031849777
GOTERM_BP_ALL	GO:0032270~positive regulation of cellular protein metabolic process	4	1.8433179723502304	0.06364216665832485	575347, 585921, 373196, 752151	50	21	1094	4.167619047619048	1.0	0.797014593840377	61.98315031849777
GOTERM_BP_ALL	GO:0006412~translation	8	3.686635944700461	0.06702263401171782	587575, 576760, 579019, 577044, 586283, 584839, 585458, 752151	50	82	1094	2.1346341463414635	1.0	0.8011162079644458	63.95257906228791
GOTERM_BP_ALL	GO:0006417~regulation of translation	3	1.3824884792626728	0.07030215795461184	587575, 752151, 583455	50	10	1094	6.564	1.0	0.8044112451433274	65.77196409043944
GOTERM_BP_ALL	GO:0051336~regulation of hydrolase activity	3	1.3824884792626728	0.07030215795461184	575347, 577730, 585921	50	10	1094	6.564	1.0	0.8044112451433274	65.77196409043944
GOTERM_BP_ALL	GO:0042981~regulation of apoptotic process	3	1.3824884792626728	0.07030215795461184	575347, 577730, 373196	50	10	1094	6.564	1.0	0.8044112451433274	65.77196409043944
GOTERM_BP_ALL	GO:0031329~regulation of cellular catabolic process	3	1.3824884792626728	0.07030215795461184	585921, 100889149, 752151	50	10	1094	6.564	1.0	0.8044112451433274	65.77196409043944
GOTERM_BP_ALL	GO:0006839~mitochondrial transport	3	1.3824884792626728	0.07030215795461184	589835, 585934, 589195	50	10	1094	6.564	1.0	0.8044112451433274	65.77196409043944
GOTERM_BP_ALL	GO:0010608~posttranscriptional regulation of gene expression	3	1.3824884792626728	0.07030215795461184	587575, 752151, 583455	50	10	1094	6.564	1.0	0.8044112451433274	65.77196409043944
GOTERM_BP_ALL	GO:0042176~regulation of protein catabolic process	3	1.3824884792626728	0.07030215795461184	578762, 585921, 100889149	50	10	1094	6.564	1.0	0.8044112451433274	65.77196409043944
GOTERM_BP_ALL	GO:0043067~regulation of programmed cell death	3	1.3824884792626728	0.07030215795461184	575347, 577730, 373196	50	10	1094	6.564	1.0	0.8044112451433274	65.77196409043944
GOTERM_BP_ALL	GO:0017038~protein import	3	1.3824884792626728	0.07030215795461184	589835, 585934, 589195	50	10	1094	6.564	1.0	0.8044112451433274	65.77196409043944
GOTERM_BP_ALL	GO:0010941~regulation of cell death	3	1.3824884792626728	0.07030215795461184	575347, 577730, 373196	50	10	1094	6.564	1.0	0.8044112451433274	65.77196409043944
GOTERM_BP_ALL	GO:0006413~translational initiation	3	1.3824884792626728	0.07030215795461184	587575, 586283, 752151	50	10	1094	6.564	1.0	0.8044112451433274	65.77196409043944
GOTERM_BP_ALL	GO:0043043~peptide biosynthetic process	8	3.686635944700461	0.07071471800603052	587575, 576760, 579019, 577044, 586283, 584839, 585458, 752151	50	83	1094	2.1089156626506025	1.0	0.7942047868913477	65.9946797733233
GOTERM_BP_ALL	GO:0034641~cellular nitrogen compound metabolic process	25	11.52073732718894	0.07268072695078383	592650, 591121, 587575, 576760, 579019, 577044, 586283, 584962, 762595, 580958, 586103, 584839, 373196, 583455, 575347, 574069, 579797, 578688, 592267, 594039, 575632, 577954, 585458, 105438529, 752151	50	416	1094	1.3149038461538463	1.0	0.7916289867093217	67.03757500311593
GOTERM_BP_ALL	GO:0043603~cellular amide metabolic process	9	4.147465437788019	0.0773959255241043	587575, 576760, 579019, 577044, 586283, 584839, 585458, 752151, 583455	50	102	1094	1.9305882352941175	1.0	0.801438688992947	69.41858463112794
GOTERM_BP_ALL	GO:0006807~nitrogen compound metabolic process	26	11.981566820276496	0.07950482116670032	592650, 591121, 587575, 576760, 579019, 577044, 586283, 584962, 762595, 580958, 586103, 584839, 373196, 583455, 575347, 574069, 579857, 579797, 578688, 592267, 594039, 575632, 577954, 585458, 105438529, 752151	50	441	1094	1.2899773242630386	1.0	0.799544741742215	70.430746329887
GOTERM_BP_ALL	GO:0034248~regulation of cellular amide metabolic process	3	1.3824884792626728	0.08352105817669707	587575, 752151, 583455	50	11	1094	5.967272727272727	1.0	0.8055175997593931	72.27253979581938
GOTERM_BP_ALL	GO:0044085~cellular component biogenesis	11	5.0691244239631335	0.08425752467027985	591121, 587575, 373354, 577044, 592267, 575632, 586103, 577954, 580528, 105438529, 373503	50	140	1094	1.719142857142857	1.0	0.7982781408190885	72.59844710154842
GOTERM_BP_ALL	GO:0010810~regulation of cell-substrate adhesion	2	0.9216589861751152	0.08761254518115301	580528, 373503	50	2	1094	21.88	1.0	0.8015241156730357	74.03846530706254
GOTERM_BP_ALL	GO:0043281~regulation of cysteine-type endopeptidase activity involved in apoptotic process	2	0.9216589861751152	0.08761254518115301	575347, 577730	50	2	1094	21.88	1.0	0.8015241156730357	74.03846530706254
GOTERM_BP_ALL	GO:0040012~regulation of locomotion	2	0.9216589861751152	0.08761254518115301	580528, 373503	50	2	1094	21.88	1.0	0.8015241156730357	74.03846530706254
GOTERM_BP_ALL	GO:2000116~regulation of cysteine-type endopeptidase activity	2	0.9216589861751152	0.08761254518115301	575347, 577730	50	2	1094	21.88	1.0	0.8015241156730357	74.03846530706254
GOTERM_BP_ALL	GO:0001952~regulation of cell-matrix adhesion	2	0.9216589861751152	0.08761254518115301	580528, 373503	50	2	1094	21.88	1.0	0.8015241156730357	74.03846530706254
GOTERM_BP_ALL	GO:0040017~positive regulation of locomotion	2	0.9216589861751152	0.08761254518115301	580528, 373503	50	2	1094	21.88	1.0	0.8015241156730357	74.03846530706254
GOTERM_BP_ALL	GO:0051492~regulation of stress fiber assembly	2	0.9216589861751152	0.08761254518115301	580528, 373503	50	2	1094	21.88	1.0	0.8015241156730357	74.03846530706254
GOTERM_BP_ALL	GO:0010952~positive regulation of peptidase activity	2	0.9216589861751152	0.08761254518115301	575347, 585921	50	2	1094	21.88	1.0	0.8015241156730357	74.03846530706254
GOTERM_BP_ALL	GO:2000145~regulation of cell motility	2	0.9216589861751152	0.08761254518115301	580528, 373503	50	2	1094	21.88	1.0	0.8015241156730357	74.03846530706254
GOTERM_BP_ALL	GO:0030155~regulation of cell adhesion	2	0.9216589861751152	0.08761254518115301	580528, 373503	50	2	1094	21.88	1.0	0.8015241156730357	74.03846530706254
GOTERM_BP_ALL	GO:0030334~regulation of cell migration	2	0.9216589861751152	0.08761254518115301	580528, 373503	50	2	1094	21.88	1.0	0.8015241156730357	74.03846530706254
GOTERM_BP_ALL	GO:2000147~positive regulation of cell motility	2	0.9216589861751152	0.08761254518115301	580528, 373503	50	2	1094	21.88	1.0	0.8015241156730357	74.03846530706254
GOTERM_BP_ALL	GO:0030335~positive regulation of cell migration	2	0.9216589861751152	0.08761254518115301	580528, 373503	50	2	1094	21.88	1.0	0.8015241156730357	74.03846530706254
GOTERM_BP_ALL	GO:0032231~regulation of actin filament bundle assembly	2	0.9216589861751152	0.08761254518115301	580528, 373503	50	2	1094	21.88	1.0	0.8015241156730357	74.03846530706254
GOTERM_BP_ALL	GO:0051270~regulation of cellular component movement	2	0.9216589861751152	0.08761254518115301	580528, 373503	50	2	1094	21.88	1.0	0.8015241156730357	74.03846530706254
GOTERM_BP_ALL	GO:0051272~positive regulation of cellular component movement	2	0.9216589861751152	0.08761254518115301	580528, 373503	50	2	1094	21.88	1.0	0.8015241156730357	74.03846530706254
GOTERM_BP_ALL	GO:0031589~cell-substrate adhesion	2	0.9216589861751152	0.08761254518115301	580528, 373503	50	2	1094	21.88	1.0	0.8015241156730357	74.03846530706254
GOTERM_BP_ALL	GO:0010950~positive regulation of endopeptidase activity	2	0.9216589861751152	0.08761254518115301	575347, 585921	50	2	1094	21.88	1.0	0.8015241156730357	74.03846530706254
GOTERM_BP_ALL	GO:0043604~amide biosynthetic process	8	3.686635944700461	0.09101312540518769	587575, 576760, 579019, 577044, 586283, 584839, 585458, 752151	50	88	1094	1.989090909090909	1.0	0.8047442496468424	75.42581987357524
