Category	Term	Count	%	PValue	Genes	List Total	Pop Hits	Pop Total	Fold Enrichment	Bonferroni	Benjamini	FDR
GOTERM_BP_ALL	GO:0006518~peptide metabolic process	41	2.3072594259988746	1.3924727930782477E-5	574998, 576760, 592626, 577044, 577312, 754209, 591189, 580957, 576658, 577738, 578606, 591874, 578794, 579300, 578034, 586229, 583925, 588415, 752151, 590740, 591809, 587575, 577982, 579019, 581576, 586283, 580307, 584839, 586769, 584812, 574853, 575790, 582011, 577570, 373469, 583958, 591510, 582945, 577787, 585458, 580746	261	93	1094	1.8478968401104108	0.016461396970522624	0.016461396970522624	0.022490552504994543
GOTERM_BP_ALL	GO:0043603~cellular amide metabolic process	43	2.4198086662915026	3.080879520739458E-5	574998, 576760, 584369, 592626, 577044, 577312, 754209, 591189, 580957, 576658, 577738, 578606, 591874, 578794, 579300, 578034, 586229, 583925, 588415, 752151, 590740, 591809, 587575, 577982, 579019, 581576, 586283, 580307, 584839, 586769, 583455, 584812, 574853, 575790, 582011, 577570, 373469, 583958, 591510, 582945, 577787, 585458, 580746	261	102	1094	1.7670347832619637	0.03605847951721286	0.01819476448595614	0.04975452300336469
GOTERM_BP_ALL	GO:0006412~translation	36	2.0258863252673045	6.348096672068119E-5	574998, 576760, 592626, 577044, 754209, 591189, 580957, 576658, 577738, 578606, 591874, 578794, 579300, 578034, 588415, 752151, 590740, 591809, 587575, 577982, 579019, 581576, 586283, 580307, 584839, 586769, 584812, 574853, 582011, 575790, 373469, 583958, 582945, 577787, 585458, 580746	261	82	1094	1.8402018502943651	0.07287948290542645	0.024908440035812607	0.10249292459190151
GOTERM_BP_ALL	GO:0043043~peptide biosynthetic process	36	2.0258863252673045	8.643730830346622E-5	574998, 576760, 592626, 577044, 754209, 591189, 580957, 576658, 577738, 578606, 591874, 578794, 579300, 578034, 588415, 752151, 590740, 591809, 587575, 577982, 579019, 581576, 586283, 580307, 584839, 586769, 584812, 574853, 582011, 575790, 373469, 583958, 582945, 577787, 585458, 580746	261	83	1094	1.8180307436643124	0.09790705835835734	0.025430487550642478	0.1395327203383423
GOTERM_BP_ALL	GO:0043604~amide biosynthetic process	37	2.0821609454136185	1.461661542188215E-4	574998, 576760, 592626, 584369, 577044, 754209, 591189, 580957, 576658, 577738, 578606, 591874, 578794, 579300, 578034, 588415, 752151, 590740, 591809, 587575, 577982, 579019, 581576, 586283, 580307, 584839, 586769, 584812, 574853, 575790, 582011, 373469, 583958, 582945, 577787, 585458, 580746	261	88	1094	1.7623650296064088	0.15990709354510957	0.03424833951885109	0.23584417446542716
GOTERM_BP_ALL	GO:1901564~organonitrogen compound metabolic process	67	3.7703995498030385	2.2785445121149814E-4	574998, 588945, 576760, 577020, 577738, 580957, 576658, 591874, 579857, 578034, 579414, 583925, 588415, 590740, 591899, 587575, 579751, 579019, 586283, 590056, 584839, 762595, 574853, 584340, 582011, 577570, 373469, 576006, 578397, 582945, 578453, 588680, 585458, 100894124, 581274, 592626, 584369, 577044, 577312, 591189, 754209, 2652725, 578606, 575347, 579300, 578794, 586229, 579345, 585797, 752151, 585810, 591809, 592650, 579530, 577982, 581576, 580307, 586769, 584812, 548616, 575790, 583958, 591510, 577787, 579081, 579085, 580746	261	194	1094	1.4476043765059052	0.23786643268452956	0.04426274564274679	0.3674236859994462
GOTERM_BP_ALL	GO:1901566~organonitrogen compound biosynthetic process	55	3.0951041080472708	2.3009766797890433E-4	574998, 588945, 576760, 577020, 580957, 576658, 577738, 591874, 579857, 578034, 579414, 588415, 590740, 587575, 579751, 579019, 586283, 590056, 584839, 762595, 574853, 584340, 582011, 576006, 373469, 578397, 582945, 588680, 585458, 100894124, 581274, 584369, 592626, 577044, 754209, 591189, 578606, 578794, 579300, 752151, 585810, 592650, 591809, 577982, 579530, 581576, 580307, 586769, 584812, 575790, 583958, 579081, 577787, 579085, 580746	261	151	1094	1.526731115678364	0.23990205594942615	0.038428981341899426	0.37103465210402975
GOTERM_BP_ALL	GO:0022613~ribonucleoprotein complex biogenesis	30	1.6882386043894204	2.945158428386054E-4	574998, 579931, 591121, 575751, 592626, 577044, 589486, 591189, 586103, 577738, 580493, 578606, 578794, 580433, 587044, 581649, 105438529, 591809, 587575, 579591, 575126, 584812, 580248, 582919, 582011, 592267, 575632, 577954, 585590, 583163	261	68	1094	1.8492224475997294	0.2960969121520195	0.042940124782557376	0.4746779442119764
GOTERM_BP_ALL	GO:0042254~ribosome biogenesis	23	1.2943162633652223	4.996868271498675E-4	574998, 579931, 575751, 591809, 591121, 579591, 592626, 577044, 589486, 586103, 575126, 577738, 580493, 582919, 584812, 578794, 587044, 592267, 575632, 577954, 581649, 585590, 583163	261	48	1094	2.008461047254151	0.4488650386882457	0.06405380164946872	0.804106697202156
GOTERM_BP_ALL	GO:1902582~single-organism intracellular transport	10	0.5627462014631401	0.001361132783591341	588091, 589835, 581274, 585934, 587798, 577167, 589195, 577928, 581649, 584285	261	14	1094	2.9939792008757524	0.8028076202460916	0.14986281463905038	2.176138901149993
GOTERM_BP_ALL	GO:0046034~ATP metabolic process	12	0.6752954417557682	0.002341284526119959	575347, 591899, 548616, 592650, 579751, 579414, 581274, 576006, 579345, 2652725, 585797, 579085	261	20	1094	2.514942528735632	0.9388290762799825	0.22431407238456558	3.7155771026176843
GOTERM_BP_ALL	GO:0017038~protein import	8	0.4501969611705121	0.002444914251862114	588091, 589835, 585934, 587798, 577167, 589195, 577928, 581649	261	10	1094	3.3532567049808426	0.9459532712182844	0.21585306170674567	3.8770039797576983
GOTERM_BP_ALL	GO:0006457~protein folding	13	0.7315700619020821	0.002674919206440788	373207, 581305, 588440, 577721, 580876, 578227, 587099, 586525, 373519, 582138, 575808, 577105, 577887	261	23	1094	2.3691487589538562	0.958942255842063	0.21776348800430156	4.234382386438873
GOTERM_BP_ALL	GO:0042274~ribosomal small subunit biogenesis	10	0.5627462014631401	0.002701712118344527	584812, 574998, 578794, 579591, 589486, 575632, 586103, 577738, 580493, 583163	261	15	1094	2.7943805874840355	0.960236228641309	0.20573870834837094	4.2759316774844685
GOTERM_BP_ALL	GO:1990542~mitochondrial transmembrane transport	7	0.39392234102419804	0.003091526260065055	588091, 589835, 581274, 585934, 577167, 589195, 577928	261	8	1094	3.667624521072797	0.9750481512185399	0.21811986012753426	4.878529011902777
GOTERM_BP_ALL	GO:0006364~rRNA processing	14	0.7878446820483961	0.00937063079534801	582919, 584812, 579931, 591121, 591809, 575751, 579591, 577044, 589486, 575632, 586103, 577954, 580493, 583163	261	29	1094	2.023516977143612	0.9999866294383054	0.5041111386684326	14.108005777741662
GOTERM_BP_ALL	GO:0016072~rRNA metabolic process	14	0.7878446820483961	0.00937063079534801	582919, 584812, 579931, 591121, 591809, 575751, 579591, 577044, 589486, 575632, 586103, 577954, 580493, 583163	261	29	1094	2.023516977143612	0.9999866294383054	0.5041111386684326	14.108005777741662
GOTERM_BP_ALL	GO:0065002~intracellular protein transmembrane transport	6	0.3376477208778841	0.010029328075637068	588091, 589835, 585934, 577167, 589195, 577928	261	7	1094	3.5927750410509027	0.9999939491575548	0.5067716958240238	15.025915567474469
GOTERM_BP_ALL	GO:0071806~protein transmembrane transport	6	0.3376477208778841	0.010029328075637068	588091, 589835, 585934, 577167, 589195, 577928	261	7	1094	3.5927750410509027	0.9999939491575548	0.5067716958240238	15.025915567474469
GOTERM_BP_ALL	GO:0044743~intracellular protein transmembrane import	6	0.3376477208778841	0.010029328075637068	588091, 589835, 585934, 577167, 589195, 577928	261	7	1094	3.5927750410509027	0.9999939491575548	0.5067716958240238	15.025915567474469
GOTERM_BP_ALL	GO:0055085~transmembrane transport	22	1.2380416432189083	0.010136941341010432	588091, 577847, 579751, 576175, 589852, 589835, 581274, 585744, 593565, 577167, 588264, 575822, 579414, 576006, 585934, 577787, 577928, 589195, 579085, 585797, 593904, 755450	261	55	1094	1.6766283524904215	0.9999946845593868	0.4906991465827343	15.174999743282303
GOTERM_BP_ALL	GO:0034641~cellular nitrogen compound metabolic process	116	6.527855936972425	0.011403677368364189	574998, 580958, 576658, 580957, 105447413, 578034, 579414, 593175, 594039, 588415, 591899, 587575, 579751, 579019, 105439906, 584839, 590056, 583455, 577570, 373469, 578688, 578397, 582945, 585635, 579931, 575751, 100894124, 582287, 592626, 584369, 577044, 584962, 591189, 578606, 575347, 588533, 586229, 580433, 579345, 585797, 105438529, 752151, 591809, 579530, 581576, 580307, 586769, 575952, 580248, 548616, 583958, 373348, 580902, 580680, 591121, 588945, 576760, 589486, 577020, 586103, 577738, 580493, 581160, 591874, 583925, 590740, 590968, 579591, 586283, 762595, 574853, 582919, 582011, 584340, 576006, 592267, 575632, 587839, 588680, 577954, 585458, 583163, 100892475, 576325, 581274, 579386, 577312, 751845, 754209, 2652725, 373196, 578317, 582334, 578794, 579300, 579797, 373506, 588721, 592902, 592650, 578850, 577982, 576519, 584812, 592407, 574069, 100888496, 575790, 591510, 587908, 577787, 579081, 105441620, 579085, 754757, 580746	261	416	1094	1.1688034188034186	0.9999988448540806	0.5130243986723481	16.91155361227825
GOTERM_BP_ALL	GO:0022610~biological adhesion	9	0.5064715813168261	0.012140484985486092	591943, 373206, 105440441, 577312, 100891108, 576823, 580528, 373503, 591159	261	15	1094	2.514942528735632	0.9999995250331807	0.5171267318136229	17.906235618570665
GOTERM_BP_ALL	GO:0009161~ribonucleoside monophosphate metabolic process	13	0.7315700619020821	0.013496390346804402	591899, 592650, 579751, 588945, 581274, 2652725, 575347, 548616, 579414, 576006, 579345, 579085, 585797	261	27	1094	2.018163757627359	0.9999999076099931	0.5375872908941914	19.707564219188633
GOTERM_BP_ALL	GO:0009123~nucleoside monophosphate metabolic process	13	0.7315700619020821	0.013496390346804402	591899, 592650, 579751, 588945, 581274, 2652725, 575347, 548616, 579414, 576006, 579345, 579085, 585797	261	27	1094	2.018163757627359	0.9999999076099931	0.5375872908941914	19.707564219188633
GOTERM_BP_ALL	GO:0006839~mitochondrial transport	7	0.39392234102419804	0.014921723357519227	588091, 589835, 581274, 585934, 577167, 589195, 577928	261	10	1094	2.9340996168582376	0.999999983513655	0.5571741891669515	21.561111728094517
GOTERM_BP_ALL	GO:0034660~ncRNA metabolic process	19	1.0692177827799663	0.016398036911037285	579931, 575751, 591809, 591121, 579591, 577044, 589486, 584962, 762595, 586103, 580493, 582919, 584812, 575790, 582945, 575632, 587839, 577954, 583163	261	47	1094	1.694464824325426	0.9999999972412705	0.5755203075781457	23.438586172831823
GOTERM_BP_ALL	GO:0009167~purine ribonucleoside monophosphate metabolic process	12	0.6752954417557682	0.019437817472764907	575347, 591899, 548616, 592650, 579751, 579414, 581274, 576006, 579345, 2652725, 585797, 579085	261	25	1094	2.0119540229885056	0.9999999999310766	0.6227766156945851	27.17239637822072
GOTERM_BP_ALL	GO:0009126~purine nucleoside monophosphate metabolic process	12	0.6752954417557682	0.019437817472764907	575347, 591899, 548616, 592650, 579751, 579414, 581274, 576006, 579345, 2652725, 585797, 579085	261	25	1094	2.0119540229885056	0.9999999999310766	0.6227766156945851	27.17239637822072
GOTERM_BP_ALL	GO:0006626~protein targeting to mitochondrion	6	0.3376477208778841	0.021592331101592643	588091, 589835, 585934, 577167, 589195, 577928	261	8	1094	3.1436781609195403	0.9999999999949921	0.6468279245233342	29.714622830992198
GOTERM_BP_ALL	GO:0070585~protein localization to mitochondrion	6	0.3376477208778841	0.021592331101592643	588091, 589835, 585934, 577167, 589195, 577928	261	8	1094	3.1436781609195403	0.9999999999949921	0.6468279245233342	29.714622830992198
GOTERM_BP_ALL	GO:0072655~establishment of protein localization to mitochondrion	6	0.3376477208778841	0.021592331101592643	588091, 589835, 585934, 577167, 589195, 577928	261	8	1094	3.1436781609195403	0.9999999999949921	0.6468279245233342	29.714622830992198
GOTERM_BP_ALL	GO:0055114~oxidation-reduction process	14	0.7878446820483961	0.023783612960083265	591899, 588082, 581274, 581305, 592952, 2652725, 2652716, 580475, 575347, 578310, 753057, 589643, 579345, 585797	261	32	1094	1.8338122605363985	0.999999999999654	0.6683128875740668	32.21467162202901
GOTERM_BP_ALL	GO:0006807~nitrogen compound metabolic process	120	6.752954417557682	0.02403793432266751	574998, 580958, 576658, 580957, 105447413, 578034, 579857, 579414, 593175, 594039, 588415, 591899, 587575, 579751, 579019, 105439906, 584839, 590056, 583455, 577570, 373469, 578688, 578397, 582945, 585635, 579931, 575751, 100894124, 582287, 592626, 584369, 577044, 584962, 591189, 578606, 575347, 588533, 586229, 580433, 579345, 585797, 586173, 105438529, 752151, 585810, 591809, 579530, 581576, 580307, 586769, 575952, 580248, 548616, 583958, 373348, 580902, 580680, 591121, 588945, 576760, 589486, 577020, 586103, 577738, 580493, 581160, 591874, 583925, 590740, 590968, 579591, 586283, 762595, 574853, 582919, 582011, 584340, 576006, 592267, 575632, 587839, 578453, 588680, 577954, 585458, 583163, 100892475, 576325, 581274, 579386, 577312, 751845, 754209, 2652725, 373196, 578317, 582334, 578794, 579300, 579797, 373506, 588721, 592902, 592650, 578850, 577982, 576519, 584812, 592407, 574069, 100888496, 575790, 591510, 587908, 577787, 579081, 105441620, 579085, 754757, 580746	261	441	1094	1.1405635050955247	0.9999999999997464	0.6584268209416584	32.4993632245411
GOTERM_BP_ALL	GO:0034470~ncRNA processing	17	0.9566685424873381	0.02449408819513813	579931, 575751, 591809, 591121, 579591, 577044, 589486, 584962, 762595, 586103, 580493, 582919, 584812, 575632, 587839, 577954, 583163	261	42	1094	1.696588213829593	0.9999999999998548	0.6520621315882119	33.00718141896783
GOTERM_BP_ALL	GO:0009205~purine ribonucleoside triphosphate metabolic process	12	0.6752954417557682	0.026749768643498508	575347, 591899, 548616, 592650, 579751, 579414, 581274, 576006, 579345, 2652725, 585797, 579085	261	26	1094	1.9345711759504862	0.9999999999999908	0.6719145374699627	35.46609293384799
GOTERM_BP_ALL	GO:0009199~ribonucleoside triphosphate metabolic process	12	0.6752954417557682	0.026749768643498508	575347, 591899, 548616, 592650, 579751, 579414, 581274, 576006, 579345, 2652725, 585797, 579085	261	26	1094	1.9345711759504862	0.9999999999999908	0.6719145374699627	35.46609293384799
GOTERM_BP_ALL	GO:0006818~hydrogen transport	8	0.4501969611705121	0.028595536708517746	575822, 579751, 579414, 581274, 576006, 585744, 585797, 579085	261	14	1094	2.3951833607006017	0.999999999999999	0.6842351687666584	37.41490709413778
GOTERM_BP_ALL	GO:0015992~proton transport	8	0.4501969611705121	0.028595536708517746	575822, 579751, 579414, 581274, 576006, 585744, 585797, 579085	261	14	1094	2.3951833607006017	0.999999999999999	0.6842351687666584	37.41490709413778
GOTERM_BP_ALL	GO:1902600~hydrogen ion transmembrane transport	8	0.4501969611705121	0.028595536708517746	575822, 579751, 579414, 581274, 576006, 585744, 585797, 579085	261	14	1094	2.3951833607006017	0.999999999999999	0.6842351687666584	37.41490709413778
GOTERM_BP_ALL	GO:0007155~cell adhesion	8	0.4501969611705121	0.028595536708517746	591943, 373206, 105440441, 100891108, 576823, 580528, 373503, 591159	261	14	1094	2.3951833607006017	0.999999999999999	0.6842351687666584	37.41490709413778
GOTERM_BP_ALL	GO:0006811~ion transport	17	0.9566685424873381	0.030824298526277782	579751, 589852, 576175, 581274, 585744, 593565, 757121, 586844, 588264, 584285, 575822, 579414, 576006, 579085, 585797, 593904, 591499	261	43	1094	1.657132673973091	0.9999999999999999	0.6999767872990978	39.69451550322057
GOTERM_BP_ALL	GO:0000470~maturation of LSU-rRNA	5	0.28137310073157007	0.031071154452627585	579931, 591809, 591121, 577044, 577954	261	6	1094	3.4929757343550447	1.0	0.691416481305243	39.942154574024855
GOTERM_BP_ALL	GO:0009144~purine nucleoside triphosphate metabolic process	12	0.6752954417557682	0.03586146622245139	575347, 591899, 548616, 592650, 579751, 579414, 581274, 576006, 579345, 2652725, 585797, 579085	261	27	1094	1.8629203916560237	1.0	0.732639421399246	44.56285868423849
GOTERM_BP_ALL	GO:0071426~ribonucleoprotein complex export from nucleus	6	0.3376477208778841	0.03928819761092142	579931, 575632, 591189, 581649, 575952, 585590	261	9	1094	2.794380587484036	1.0	0.7546785751650562	47.66130855426333
GOTERM_BP_ALL	GO:0042773~ATP synthesis coupled electron transport	6	0.3376477208778841	0.03928819761092142	575347, 591899, 581274, 579345, 2652725, 585797	261	9	1094	2.794380587484036	1.0	0.7546785751650562	47.66130855426333
GOTERM_BP_ALL	GO:0071166~ribonucleoprotein complex localization	6	0.3376477208778841	0.03928819761092142	579931, 575632, 591189, 581649, 575952, 585590	261	9	1094	2.794380587484036	1.0	0.7546785751650562	47.66130855426333
GOTERM_BP_ALL	GO:0072594~establishment of protein localization to organelle	9	0.5064715813168261	0.0420623430172582	588091, 589835, 585934, 587798, 577167, 589195, 583925, 577928, 581649	261	18	1094	2.0957854406130267	1.0	0.7685805175090457	50.04990177079426
GOTERM_BP_ALL	GO:0006605~protein targeting	9	0.5064715813168261	0.0420623430172582	588091, 589835, 585934, 587798, 577167, 589195, 583925, 577928, 581649	261	18	1094	2.0957854406130267	1.0	0.7685805175090457	50.04990177079426
GOTERM_BP_ALL	GO:0044085~cellular component biogenesis	43	2.4198086662915026	0.04229056334409402	574998, 579931, 575751, 591121, 580646, 752988, 592626, 577044, 589486, 577167, 591189, 586103, 577738, 580493, 578606, 578794, 373354, 580433, 587044, 581649, 585797, 105438529, 373503, 591809, 587575, 579591, 373401, 575126, 575952, 591159, 592407, 584812, 580248, 582919, 582011, 592267, 582320, 575632, 577954, 580528, 754757, 585590, 583163	261	140	1094	1.2874110563765735	1.0	0.7608726978714911	50.2417814100732
GOTERM_BP_ALL	GO:0051169~nuclear transport	7	0.39392234102419804	0.0424736193272181	579931, 587798, 575632, 591189, 581649, 575952, 585590	261	12	1094	2.4450830140485316	1.0	0.7529707261474956	50.39518848211137
GOTERM_BP_ALL	GO:0051168~nuclear export	7	0.39392234102419804	0.0424736193272181	579931, 587798, 575632, 591189, 581649, 575952, 585590	261	12	1094	2.4450830140485316	1.0	0.7529707261474956	50.39518848211137
GOTERM_BP_ALL	GO:0006913~nucleocytoplasmic transport	7	0.39392234102419804	0.0424736193272181	579931, 587798, 575632, 591189, 581649, 575952, 585590	261	12	1094	2.4450830140485316	1.0	0.7529707261474956	50.39518848211137
GOTERM_BP_ALL	GO:0007006~mitochondrial membrane organization	4	0.22509848058525606	0.043819272430525136	588091, 589835, 577167, 589195	261	4	1094	4.1915708812260535	1.0	0.7547719831035354	51.50934753413032
GOTERM_BP_ALL	GO:0000028~ribosomal small subunit assembly	4	0.22509848058525606	0.043819272430525136	574998, 578794, 577738, 580493	261	4	1094	4.1915708812260535	1.0	0.7547719831035354	51.50934753413032
GOTERM_BP_ALL	GO:0030150~protein import into mitochondrial matrix	4	0.22509848058525606	0.043819272430525136	585934, 577167, 589195, 577928	261	4	1094	4.1915708812260535	1.0	0.7547719831035354	51.50934753413032
GOTERM_BP_ALL	GO:0000054~ribosomal subunit export from nucleus	4	0.22509848058525606	0.043819272430525136	579931, 575632, 581649, 585590	261	4	1094	4.1915708812260535	1.0	0.7547719831035354	51.50934753413032
GOTERM_BP_ALL	GO:0033753~establishment of ribosome localization	4	0.22509848058525606	0.043819272430525136	579931, 575632, 581649, 585590	261	4	1094	4.1915708812260535	1.0	0.7547719831035354	51.50934753413032
GOTERM_BP_ALL	GO:0071428~rRNA-containing ribonucleoprotein complex export from nucleus	4	0.22509848058525606	0.043819272430525136	579931, 575632, 581649, 585590	261	4	1094	4.1915708812260535	1.0	0.7547719831035354	51.50934753413032
GOTERM_BP_ALL	GO:0033750~ribosome localization	4	0.22509848058525606	0.043819272430525136	579931, 575632, 581649, 585590	261	4	1094	4.1915708812260535	1.0	0.7547719831035354	51.50934753413032
GOTERM_BP_ALL	GO:0006123~mitochondrial electron transport, cytochrome c to oxygen	4	0.22509848058525606	0.043819272430525136	575347, 591899, 581274, 579345	261	4	1094	4.1915708812260535	1.0	0.7547719831035354	51.50934753413032
GOTERM_BP_ALL	GO:0009141~nucleoside triphosphate metabolic process	12	0.6752954417557682	0.046955845886668776	575347, 591899, 548616, 592650, 579751, 579414, 581274, 576006, 579345, 2652725, 585797, 579085	261	28	1094	1.7963875205254514	1.0	0.7700633205879199	54.015872025082366
GOTERM_BP_ALL	GO:1902580~single-organism cellular localization	11	0.6190208216094542	0.05070372067879884	588091, 373401, 589835, 581274, 585934, 587798, 577167, 589195, 577928, 581649, 584285	261	25	1094	1.8442911877394637	1.0	0.7878842068513237	56.85148418544224
GOTERM_BP_ALL	GO:0009119~ribonucleoside metabolic process	16	0.9003939223410242	0.05167523622925618	591899, 592650, 579751, 100894124, 588945, 581274, 590056, 2652725, 575347, 548616, 579414, 576006, 578397, 579345, 579085, 585797	261	42	1094	1.5967889071337347	1.0	0.7861695315109654	57.559281275972516
GOTERM_BP_ALL	GO:0019725~cellular homeostasis	13	0.7315700619020821	0.05506956774285017	577666, 589852, 581305, 585744, 593565, 584887, 586844, 588264, 584285, 591178, 587099, 586525, 591499	261	32	1094	1.7028256704980842	1.0	0.7996340510384208	59.94764722854984
GOTERM_BP_ALL	GO:0015986~ATP synthesis coupled proton transport	5	0.28137310073157007	0.05912692295536733	579751, 579414, 581274, 576006, 579085	261	7	1094	2.9939792008757524	1.0	0.8153897347802095	62.63706585699328
GOTERM_BP_ALL	GO:0042775~mitochondrial ATP synthesis coupled electron transport	5	0.28137310073157007	0.05912692295536733	575347, 591899, 581274, 579345, 585797	261	7	1094	2.9939792008757524	1.0	0.8153897347802095	62.63706585699328
GOTERM_BP_ALL	GO:0015985~energy coupled proton transport, down electrochemical gradient	5	0.28137310073157007	0.05912692295536733	579751, 579414, 581274, 576006, 579085	261	7	1094	2.9939792008757524	1.0	0.8153897347802095	62.63706585699328
GOTERM_BP_ALL	GO:0051493~regulation of cytoskeleton organization	5	0.28137310073157007	0.05912692295536733	582320, 587798, 580528, 577952, 373503	261	7	1094	2.9939792008757524	1.0	0.8153897347802095	62.63706585699328
GOTERM_BP_ALL	GO:0006754~ATP biosynthetic process	5	0.28137310073157007	0.05912692295536733	579751, 579414, 581274, 576006, 579085	261	7	1094	2.9939792008757524	1.0	0.8153897347802095	62.63706585699328
GOTERM_BP_ALL	GO:0022618~ribonucleoprotein complex assembly	12	0.6752954417557682	0.060182603714364416	580248, 574998, 578794, 579931, 587575, 582011, 580433, 591189, 577738, 580493, 105438529, 578606	261	29	1094	1.7344431232659534	1.0	0.8139098617773931	63.30851577529013
GOTERM_BP_ALL	GO:0071826~ribonucleoprotein complex subunit organization	12	0.6752954417557682	0.060182603714364416	580248, 574998, 578794, 579931, 587575, 582011, 580433, 591189, 577738, 580493, 105438529, 578606	261	29	1094	1.7344431232659534	1.0	0.8139098617773931	63.30851577529013
GOTERM_BP_ALL	GO:0022900~electron transport chain	7	0.39392234102419804	0.06357871753702354	575347, 591899, 578310, 581274, 579345, 2652725, 585797	261	13	1094	2.2569997052755673	1.0	0.8244884152373778	65.39258874561772
GOTERM_BP_ALL	GO:0007268~chemical synaptic transmission	6	0.3376477208778841	0.06365467186437232	574696, 754546, 755668, 373401, 105439410, 100893202	261	10	1094	2.514942528735632	1.0	0.8181048714367161	65.43790382131914
GOTERM_BP_ALL	GO:0006413~translational initiation	6	0.3376477208778841	0.06365467186437232	587575, 582011, 586283, 591189, 752151, 578606	261	10	1094	2.514942528735632	1.0	0.8181048714367161	65.43790382131914
GOTERM_BP_ALL	GO:0006417~regulation of translation	6	0.3376477208778841	0.06365467186437232	587575, 591189, 580746, 752151, 583455, 578606	261	10	1094	2.514942528735632	1.0	0.8181048714367161	65.43790382131914
GOTERM_BP_ALL	GO:0098916~anterograde trans-synaptic signaling	6	0.3376477208778841	0.06365467186437232	574696, 754546, 755668, 373401, 105439410, 100893202	261	10	1094	2.514942528735632	1.0	0.8181048714367161	65.43790382131914
GOTERM_BP_ALL	GO:0006119~oxidative phosphorylation	6	0.3376477208778841	0.06365467186437232	575347, 591899, 581274, 579345, 2652725, 585797	261	10	1094	2.514942528735632	1.0	0.8181048714367161	65.43790382131914
GOTERM_BP_ALL	GO:0099536~synaptic signaling	6	0.3376477208778841	0.06365467186437232	574696, 754546, 755668, 373401, 105439410, 100893202	261	10	1094	2.514942528735632	1.0	0.8181048714367161	65.43790382131914
GOTERM_BP_ALL	GO:0022904~respiratory electron transport chain	6	0.3376477208778841	0.06365467186437232	575347, 591899, 581274, 579345, 2652725, 585797	261	10	1094	2.514942528735632	1.0	0.8181048714367161	65.43790382131914
GOTERM_BP_ALL	GO:0010608~posttranscriptional regulation of gene expression	6	0.3376477208778841	0.06365467186437232	587575, 591189, 580746, 752151, 583455, 578606	261	10	1094	2.514942528735632	1.0	0.8181048714367161	65.43790382131914
GOTERM_BP_ALL	GO:0099537~trans-synaptic signaling	6	0.3376477208778841	0.06365467186437232	574696, 754546, 755668, 373401, 105439410, 100893202	261	10	1094	2.514942528735632	1.0	0.8181048714367161	65.43790382131914
GOTERM_BP_ALL	GO:0098660~inorganic ion transmembrane transport	11	0.6190208216094542	0.06567494070086223	575822, 579751, 576175, 579414, 581274, 576006, 585744, 593904, 585797, 579085, 588264	261	26	1094	1.773356911287946	1.0	0.8214421325300506	66.62298230135247
GOTERM_BP_ALL	GO:0034220~ion transmembrane transport	13	0.7315700619020821	0.06877242875608697	579751, 589852, 576175, 581274, 585744, 593565, 588264, 575822, 579414, 576006, 579085, 585797, 593904	261	33	1094	1.6512248926042028	1.0	0.8295672670105096	68.36616733991745
GOTERM_BP_ALL	GO:0044765~single-organism transport	30	1.6882386043894204	0.07013544579367015	589852, 581274, 585744, 577167, 757121, 575822, 579414, 585934, 577928, 589195, 581649, 593904, 585797, 591499, 755450, 577847, 588091, 576175, 579751, 589835, 373401, 593565, 587798, 586844, 588264, 584285, 574696, 576006, 577787, 579085	261	95	1094	1.323653962492438	1.0	0.8294857435596509	69.10585241494887
GOTERM_BP_ALL	GO:0046907~intracellular transport	20	1.1254924029262803	0.07076603588077982	588091, 579931, 753616, 589835, 581274, 587798, 577167, 581074, 591189, 584285, 575952, 591682, 585934, 575632, 577928, 576727, 583925, 589195, 581649, 585590	261	58	1094	1.4453692693882942	1.0	0.8261791809267508	69.44254445346469
GOTERM_BP_ALL	GO:0098662~inorganic cation transmembrane transport	10	0.5627462014631401	0.07151859090082222	575822, 579751, 576175, 579414, 581274, 576006, 585744, 593904, 585797, 579085	261	23	1094	1.8224221222721972	1.0	0.8234865411193377	69.83985194513598
GOTERM_BP_ALL	GO:0015672~monovalent inorganic cation transport	10	0.5627462014631401	0.07151859090082222	575822, 579751, 576175, 579414, 581274, 576006, 585744, 593904, 585797, 579085	261	23	1094	1.8224221222721972	1.0	0.8234865411193377	69.83985194513598
GOTERM_BP_ALL	GO:0010467~gene expression	78	4.389420371412493	0.0732639333137989	580680, 574998, 591121, 576760, 589486, 586103, 580958, 577738, 580957, 576658, 580493, 581160, 591874, 578034, 593175, 594039, 588415, 583925, 590740, 587575, 579591, 579019, 586283, 584839, 762595, 583455, 574853, 582919, 582011, 373469, 575632, 582945, 587839, 577954, 585458, 583163, 100892475, 585635, 579931, 575751, 579386, 592626, 577044, 577312, 751845, 591189, 584962, 754209, 373196, 578317, 578606, 582334, 588533, 579300, 578794, 580433, 373506, 105438529, 752151, 592902, 591809, 578850, 577982, 581576, 576519, 580307, 586769, 575952, 584812, 580248, 575790, 583958, 591510, 577787, 373348, 754757, 580746, 580902	261	284	1094	1.1512060870972967	1.0	0.8252040600259138	70.74272266378057
GOTERM_BP_ALL	GO:0009116~nucleoside metabolic process	16	0.9003939223410242	0.07554707414273547	591899, 592650, 579751, 100894124, 588945, 581274, 590056, 2652725, 575347, 548616, 579414, 576006, 578397, 579345, 579085, 585797	261	44	1094	1.5242075931731103	1.0	0.8291047974982056	71.88555319819952
GOTERM_BP_ALL	GO:0006886~intracellular protein transport	12	0.6752954417557682	0.0756507528241044	588091, 753616, 591682, 589835, 585934, 587798, 577167, 589195, 583925, 577928, 576727, 581649	261	30	1094	1.6766283524904215	1.0	0.8238578224937538	71.93644225917046
GOTERM_BP_ALL	GO:0042273~ribosomal large subunit biogenesis	8	0.4501969611705121	0.08385810209700675	579931, 591809, 591121, 577044, 587044, 575632, 577954, 585590	261	17	1094	1.972503944106378	1.0	0.8501595909175128	75.70171118552341
GOTERM_BP_ALL	GO:0006812~cation transport	13	0.7315700619020821	0.08452232414320038	579751, 576175, 581274, 585744, 584285, 586844, 575822, 579414, 576006, 579085, 585797, 593904, 591499	261	34	1094	1.602659454586432	1.0	0.8473681588873635	75.98472093497742
GOTERM_BP_ALL	GO:0051130~positive regulation of cellular component organization	4	0.22509848058525606	0.09045768389031639	582320, 587798, 754757, 580746	261	5	1094	3.3532567049808426	1.0	0.8623129421518742	78.37992402205259
GOTERM_BP_ALL	GO:0006091~generation of precursor metabolites and energy	10	0.5627462014631401	0.09151132980348245	575347, 591899, 548616, 578310, 588082, 581274, 579345, 2652725, 2652716, 585797	261	24	1094	1.7464878671775224	1.0	0.860878522252546	78.78095739840086
GOTERM_BP_ALL	GO:0042278~purine nucleoside metabolic process	14	0.7878446820483961	0.09241347132559448	591899, 592650, 579751, 100894124, 581274, 2652725, 575347, 548616, 579414, 576006, 578397, 579345, 579085, 585797	261	38	1094	1.5442629562411778	1.0	0.8590076087875543	79.1187698809124
GOTERM_BP_ALL	GO:0046128~purine ribonucleoside metabolic process	14	0.7878446820483961	0.09241347132559448	591899, 592650, 579751, 100894124, 581274, 2652725, 575347, 548616, 579414, 576006, 578397, 579345, 579085, 585797	261	38	1094	1.5442629562411778	1.0	0.8590076087875543	79.1187698809124
GOTERM_BP_ALL	GO:0034248~regulation of cellular amide metabolic process	6	0.3376477208778841	0.09471218594198277	587575, 591189, 580746, 752151, 583455, 578606	261	11	1094	2.2863113897596654	1.0	0.8614854914455745	79.95687393603752
GOTERM_BP_ALL	GO:0007200~phospholipase C-activating G-protein coupled receptor signaling pathway	5	0.28137310073157007	0.09666151480918748	754546, 100889710, 105439410, 100893202, 579394	261	8	1094	2.6197318007662833	1.0	0.862824801190787	80.64276010491898
GOTERM_BP_ALL	GO:0072521~purine-containing compound metabolic process	15	0.8441193021947102	0.0994434994337854	591899, 592650, 579751, 100894124, 581274, 2652725, 575347, 548616, 579414, 576006, 578397, 579345, 588680, 579085, 585797	261	42	1094	1.4969896004378762	1.0	0.8665137211331849	81.58357109948493
