Category	Term	Count	%	PValue	Genes	List Total	Pop Hits	Pop Total	Fold Enrichment	Bonferroni	Benjamini	FDR
GOTERM_BP_ALL	GO:0099537~trans-synaptic signaling	3	0.8086253369272237	0.03222888973203576	574696, 755668, 105439410	33	10	1094	9.945454545454545	0.9998559157730691	0.9998559157730691	34.99649784581123
GOTERM_BP_ALL	GO:0098916~anterograde trans-synaptic signaling	3	0.8086253369272237	0.03222888973203576	574696, 755668, 105439410	33	10	1094	9.945454545454545	0.9998559157730691	0.9998559157730691	34.99649784581123
GOTERM_BP_ALL	GO:0099536~synaptic signaling	3	0.8086253369272237	0.03222888973203576	574696, 755668, 105439410	33	10	1094	9.945454545454545	0.9998559157730691	0.9998559157730691	34.99649784581123
GOTERM_BP_ALL	GO:0007268~chemical synaptic transmission	3	0.8086253369272237	0.03222888973203576	574696, 755668, 105439410	33	10	1094	9.945454545454545	0.9998559157730691	0.9998559157730691	34.99649784581123
GOTERM_BP_ALL	GO:0007186~G-protein coupled receptor signaling pathway	4	1.078167115902965	0.041278031823390404	100889243, 755668, 100889710, 105439410	33	27	1094	4.9113355780022445	0.9999885968901495	0.9966231508990626	42.549653837564996
GOTERM_BP_ALL	GO:0007154~cell communication	10	2.6954177897574128	0.05596806559196558	574696, 100889243, 755668, 105447490, 582219, 100889710, 105439410, 100892166, 100891263, 591159	33	175	1094	1.8943722943722943	0.9999998236379475	0.9943920812232019	53.10556961413149
GOTERM_BP_ALL	GO:0044699~single-organism process	23	6.199460916442049	0.057037081588397646	100889243, 586329, 589852, 579530, 105447490, 100889710, 757121, 2652716, 586844, 580173, 591159, 574696, 755668, 589643, 582219, 105439410, 576910, 100892166, 100891263, 586173, 593904, 755450, 753734	33	586	1094	1.3011686834212433	0.9999998701189016	0.9810160540726769	53.798992950840265
GOTERM_BP_ALL	GO:0007155~cell adhesion	3	0.8086253369272237	0.0606026101621422	105440441, 576823, 591159	33	14	1094	7.103896103896104	0.9999999532992057	0.9658126960197384	56.04389023016364
GOTERM_BP_ALL	GO:0022610~biological adhesion	3	0.8086253369272237	0.06867205210169217	105440441, 576823, 591159	33	15	1094	6.630303030303031	0.9999999954531393	0.9592977321010809	60.75747799586808
