Category	Term	Count	%	PValue	Genes	List Total	Pop Hits	Pop Total	Fold Enrichment	Bonferroni	Benjamini	FDR
GOTERM_CC_ALL	GO:0030529~intracellular ribonucleoprotein complex	16	7.373271889400922	1.2378876871865985E-4	591121, 587575, 576760, 579019, 586283, 577044, 586103, 584839, 580958, 592267, 594039, 575632, 577954, 585458, 105438529, 752151	58	118	1253	2.929281122150789	0.019855257555155603	0.019855257555155603	0.14968770575291002
GOTERM_CC_ALL	GO:1990904~ribonucleoprotein complex	16	7.373271889400922	1.2378876871865985E-4	591121, 587575, 576760, 579019, 586283, 577044, 586103, 584839, 580958, 592267, 594039, 575632, 577954, 585458, 105438529, 752151	58	118	1253	2.929281122150789	0.019855257555155603	0.019855257555155603	0.14968770575291002
GOTERM_CC_ALL	GO:0005615~extracellular space	7	3.225806451612903	6.146545848666389E-4	373488, 100891108, 100889149, 373196, 580528, 585147, 373503	58	25	1253	6.048965517241379	0.094804790208036	0.0485825260213244	0.741230579581853
GOTERM_CC_ALL	GO:0032991~macromolecular complex	29	13.36405529953917	8.017735395046033E-4	591121, 576760, 577044, 580958, 586103, 373354, 585934, 579797, 594039, 589195, 105438529, 752151, 587575, 589835, 579019, 586283, 584839, 577730, 575334, 763690, 578762, 592267, 578688, 575632, 585921, 576727, 577954, 585458, 590942	58	363	1253	1.7258953168044076	0.12185136485469983	0.04238852058601539	0.9658801943613793
GOTERM_CC_ALL	GO:0044421~extracellular region part	7	3.225806451612903	0.002064176141064319	373488, 100891108, 100889149, 373196, 580528, 585147, 373503	58	31	1253	4.878197997775306	0.28447743077963483	0.08027956884547216	2.469337898074442
GOTERM_CC_ALL	GO:0022624~proteasome accessory complex	4	1.8433179723502304	0.0027453971289197166	575334, 578762, 585921, 590942	58	7	1253	12.344827586206897	0.3594102023849407	0.08522138485801245	3.2719118428499727
GOTERM_CC_ALL	GO:0005730~nucleolus	6	2.7649769585253456	0.0043093280047815895	577044, 592267, 575632, 586103, 577954, 583455	58	25	1253	5.184827586206897	0.5032257925616607	0.11006181867244813	5.091573869701382
GOTERM_CC_ALL	GO:0005576~extracellular region	7	3.225806451612903	0.0060358525759145335	373488, 100891108, 100889149, 373196, 580528, 585147, 373503	58	38	1253	3.979582577132487	0.6249781539138313	0.13073751273912104	7.063910075793068
GOTERM_CC_ALL	GO:0000502~proteasome complex	4	1.8433179723502304	0.008534242597621502	575334, 578762, 585921, 590942	58	10	1253	8.641379310344828	0.7505459575426837	0.15933335123133863	9.851490531794415
GOTERM_CC_ALL	GO:0005732~small nucleolar ribonucleoprotein complex	3	1.3824884792626728	0.01861551057127352	577044, 592267, 594039	58	5	1253	12.962068965517242	0.952362524061205	0.28697391883552803	20.338197270310964
GOTERM_CC_ALL	GO:0005758~mitochondrial intermembrane space	3	1.3824884792626728	0.02711273318301456	575347, 592650, 589835	58	6	1253	10.801724137931034	0.9883553044701576	0.35936182575946274	28.29481895645497
GOTERM_CC_ALL	GO:0005838~proteasome regulatory particle	3	1.3824884792626728	0.02711273318301456	575334, 578762, 590942	58	6	1253	10.801724137931034	0.9883553044701576	0.35936182575946274	28.29481895645497
GOTERM_CC_ALL	GO:0031970~organelle envelope lumen	3	1.3824884792626728	0.02711273318301456	575347, 592650, 589835	58	6	1253	10.801724137931034	0.9883553044701576	0.35936182575946274	28.29481895645497
GOTERM_CC_ALL	GO:0030684~preribosome	4	1.8433179723502304	0.027515808581129113	591121, 575632, 586103, 577954	58	15	1253	5.760919540229885	0.9891113726367418	0.33695498793473977	28.65347581474368
GOTERM_CC_ALL	GO:0043228~non-membrane-bounded organelle	15	6.912442396313365	0.02905799123745482	576760, 579019, 586283, 577044, 373192, 586103, 584839, 583455, 763690, 373354, 592267, 575632, 577954, 585458, 752151	58	183	1253	1.7707744488411534	0.9915799775204381	0.32840193283989827	30.010571310434575
GOTERM_CC_ALL	GO:0043232~intracellular non-membrane-bounded organelle	15	6.912442396313365	0.02905799123745482	576760, 579019, 586283, 577044, 373192, 586103, 584839, 583455, 763690, 373354, 592267, 575632, 577954, 585458, 752151	58	183	1253	1.7707744488411534	0.9915799775204381	0.32840193283989827	30.010571310434575
GOTERM_CC_ALL	GO:0044424~intracellular part	44	20.276497695852534	0.054479845834468354	591121, 576760, 576818, 577044, 373192, 580958, 586103, 575347, 579857, 576685, 373354, 753057, 585934, 579797, 594039, 589195, 105438529, 752151, 592650, 373207, 587575, 100893477, 589835, 579019, 586283, 579451, 762595, 584839, 583455, 577730, 575334, 763690, 578762, 592267, 578688, 585921, 575632, 586525, 576727, 577954, 585458, 373385, 582138, 590942	58	812	1253	1.1706302021403092	0.9998855362280502	0.5024684573560264	49.230318048688574
GOTERM_CC_ALL	GO:0031974~membrane-enclosed lumen	10	4.6082949308755765	0.06356238841742168	575347, 592650, 589835, 577044, 592267, 575632, 586103, 577954, 752151, 583455	58	113	1253	1.9118095819346965	0.9999760352184224	0.5322976695156412	54.826903858564215
GOTERM_CC_ALL	GO:0043234~protein complex	18	8.294930875576037	0.07157346892819533	587575, 589835, 586283, 577730, 575334, 373354, 763690, 585934, 579797, 578762, 578688, 594039, 585921, 589195, 576727, 105438529, 752151, 590942	58	264	1253	1.472962382445141	0.9999940419809251	0.5515918894278056	59.28736654271791
GOTERM_CC_ALL	GO:0072588~box H/ACA RNP complex	2	0.9216589861751152	0.08894691080070455	577044, 592267	58	2	1253	21.603448275862068	0.9999997206961122	0.6106144675828222	67.6064583789175
GOTERM_CC_ALL	GO:0031429~box H/ACA snoRNP complex	2	0.9216589861751152	0.08894691080070455	577044, 592267	58	2	1253	21.603448275862068	0.9999997206961122	0.6106144675828222	67.6064583789175
GOTERM_CC_ALL	GO:0042555~MCM complex	2	0.9216589861751152	0.08894691080070455	579797, 578688	58	2	1253	21.603448275862068	0.9999997206961122	0.6106144675828222	67.6064583789175
GOTERM_CC_ALL	GO:0005697~telomerase holoenzyme complex	2	0.9216589861751152	0.08894691080070455	577044, 592267	58	2	1253	21.603448275862068	0.9999997206961122	0.6106144675828222	67.6064583789175
